s 3 916
s 5 560
s 6 195
s 7 924
s 14 395
s 22 855
s 35 582
s 37 785
s 39 28
s 40 281
s 42 985
s 43 435
s 57 739
s 58 901
s 59 87
s 60 205
s 62 937
s 66 869
s 67 305
s 69 405
s 78 419
s 83 760
s 85 876
s 87 759
s 95 195
s 97 600
s 99 896
1 6 532
1 7 962
1 8 439
1 14 395
1 15 95
1 25 938
1 28 321
1 30 221
1 31 16
1 32 336
1 34 681
1 36 450
1 37 830
1 38 520
1 40 483
1 41 100
1 44 245
1 46 590
1 47 618
1 53 46
1 54 347
1 59 546
1 60 210
1 61 479
1 62 503
1 72 797
1 75 664
1 81 185
1 83 178
1 85 123
1 90 397
1 92 91
1 99 359
2 3 679
2 12 607
2 17 697
2 18 581
2 29 526
2 32 128
2 33 338
2 40 363
2 42 326
2 47 739
2 48 608
2 59 280
2 64 177
2 67 522
2 69 955
2 70 743
2 71 591
2 75 511
2 80 8
2 81 451
2 82 522
2 92 15
2 95 281
2 99 798
3 2 679
3 5 751
3 6 564
3 12 449
3 14 936
3 15 730
3 26 801
3 28 154
3 30 419
3 32 365
3 34 819
3 39 677
3 40 10
3 41 547
3 55 955
3 57 526
3 59 287
3 60 971
3 68 550
3 70 556
3 72 893
3 73 509
3 77 16
3 78 311
3 79 877
3 80 937
3 82 200
3 86 415
3 92 725
3 97 714
3 99 18
4 10 205
4 11 97
4 15 620
4 18 661
4 19 611
4 21 390
4 24 212
4 27 128
4 28 60
4 30 245
4 31 859
4 33 561
4 34 620
4 37 945
4 41 270
4 46 217
4 48 445
4 51 71
4 52 948
4 54 987
4 55 945
4 56 979
4 57 385
4 62 125
4 68 368
4 69 987
4 75 262
4 78 338
4 81 312
4 82 731
4 84 573
4 89 622
4 90 821
4 91 922
5 3 751
5 6 137
5 7 304
5 14 387
5 16 401
5 19 737
5 21 368
5 25 384
5 27 110
5 28 474
5 32 44
5 33 412
5 34 648
5 37 33
5 38 275
5 46 436
5 47 866
5 50 441
5 52 642
5 62 286
5 65 642
5 67 50
5 68 56
5 69 573
5 72 991
5 87 763
5 88 5
5 91 321
5 94 470
5 97 752
6 1 532
6 3 564
6 5 137
6 9 685
6 21 595
6 22 413
6 24 24
6 25 688
6 27 570
6 33 595
6 35 773
6 40 912
6 41 948
6 44 279
6 45 433
6 46 100
6 48 973
6 52 170
6 57 287
6 64 527
6 65 599
6 70 278
6 76 969
6 79 313
6 87 20
6 89 906
6 94 455
6 96 255
6 98 22
7 1 962
7 5 304
7 9 431
7 12 798
7 20 746
7 24 100
7 26 330
7 27 650
7 30 491
7 31 243
7 34 32
7 40 282
7 43 338
7 44 703
7 47 81
7 55 845
7 61 338
7 64 351
7 72 525
7 73 877
7 75 171
7 79 452
7 80 240
7 85 142
7 90 901
7 98 612
8 1 439
8 10 688
8 21 295
8 25 132
8 26 811
8 32 867
8 38 198
8 52 370
8 53 976
8 54 733
8 56 502
8 59 802
8 64 890
8 74 792
8 75 298
8 76 939
8 78 672
8 93 577
8 96 704
9 6 685
9 7 431
9 12 8
9 15 240
9 16 104
9 19 26
9 24 76
9 25 686
9 30 75
9 31 903
9 33 997
9 35 846
9 37 825
9 38 296
9 42 420
9 43 145
9 45 164
9 46 687
9 55 428
9 58 210
9 61 299
9 66 359
9 67 206
9 70 102
9 73 428
9 85 11
9 87 648
9 89 54
9 90 950
9 91 589
9 92 636
9 99 859
10 4 205
10 8 688
10 11 229
10 16 926
10 18 464
10 21 275
10 25 997
10 33 211
10 41 209
10 47 769
10 57 445
10 58 986
10 60 739
10 62 147
10 64 298
10 66 82
10 70 259
10 72 323
10 74 456
10 76 979
10 77 142
10 80 898
10 81 474
10 83 416
10 87 755
10 88 897
10 89 613
10 90 710
10 92 774
10 94 970
10 95 804
11 4 97
11 10 229
11 19 939
11 20 518
11 28 970
11 29 350
11 32 328
11 36 325
11 50 710
11 51 227
11 53 591
11 56 985
11 58 660
11 68 349
11 70 753
11 72 246
11 73 542
11 75 527
11 85 23
11 88 241
11 89 228
11 92 428
11 93 623
12 2 607
12 3 449
12 7 798
12 9 8
12 19 67
12 21 360
12 24 839
12 25 183
12 27 549
12 31 449
12 34 788
12 36 61
12 39 298
12 41 23
12 53 450
12 56 178
12 58 505
12 59 589
12 63 52
12 68 932
12 70 125
12 76 196
12 80 550
12 81 435
12 84 530
12 85 517
12 88 420
12 96 380
12 98 178
13 14 308
13 17 836
13 20 448
13 21 891
13 23 232
13 26 550
13 28 598
13 29 794
13 33 770
13 41 16
13 43 110
13 52 639
13 54 787
13 57 89
13 58 732
13 61 631
13 68 129
13 69 652
13 71 611
13 72 641
13 78 587
13 81 93
13 86 806
13 87 739
13 93 888
13 96 830
14 1 395
14 3 936
14 5 387
14 13 308
14 17 87
14 18 377
14 24 76
14 30 218
14 31 503
14 39 484
14 43 987
14 46 122
14 47 142
14 51 230
14 52 165
14 53 547
14 56 507
14 57 434
14 65 55
14 70 799
14 74 622
14 75 341
14 76 848
14 84 96
14 86 482
14 87 719
14 89 133
14 91 405
14 92 668
14 94 455
14 96 664
15 1 95
15 3 730
15 4 620
15 9 240
15 16 636
15 29 157
15 31 549
15 32 163
15 33 491
15 38 512
15 40 610
15 42 831
15 45 381
15 46 136
15 50 443
15 52 75
15 57 278
15 58 150
15 59 76
15 60 847
15 62 784
15 63 231
15 66 441
15 69 841
15 78 428
15 79 763
15 80 97
15 87 547
15 88 796
15 91 93
15 93 214
15 94 182
15 95 972
16 5 401
16 9 104
16 10 926
16 15 636
16 18 640
16 22 577
16 23 292
16 28 515
16 35 348
16 37 552
16 39 882
16 41 457
16 43 262
16 47 700
16 49 945
16 56 290
16 57 561
16 58 721
16 66 627
16 68 187
16 70 628
16 73 921
16 76 933
16 79 267
16 81 719
16 82 824
16 84 582
16 87 144
16 89 352
16 90 484
16 91 475
16 94 148
16 95 461
16 98 64
17 2 697
17 13 836
17 14 87
17 19 805
17 24 957
17 25 302
17 27 443
17 31 964
17 34 708
17 36 840
17 38 503
17 43 404
17 45 680
17 46 485
17 50 608
17 61 712
17 65 742
17 68 737
17 69 492
17 73 583
17 74 772
17 75 103
17 79 541
17 89 687
17 90 403
17 95 900
17 97 213
17 98 542
18 2 581
18 4 661
18 10 464
18 14 377
18 16 640
18 20 905
18 23 236
18 25 133
18 26 393
18 31 452
18 32 780
18 33 82
18 40 536
18 43 795
18 51 36
18 56 724
18 63 281
18 67 653
18 69 810
18 76 731
18 77 882
18 80 611
18 81 277
18 84 637
18 90 809
18 91 33
18 93 292
18 99 271
19 4 611
19 5 737
19 9 26
19 11 939
19 12 67
19 17 805
19 29 193
19 32 321
19 33 60
19 34 779
19 35 914
19 38 708
19 42 743
19 46 918
19 47 154
19 48 277
19 49 587
19 66 607
19 70 404
19 72 376
19 74 372
19 75 456
19 78 837
19 79 581
19 80 741
19 83 103
19 85 159
19 87 700
19 92 571
20 7 746
20 11 518
20 13 448
20 18 905
20 21 790
20 32 803
20 33 899
20 37 560
20 39 461
20 42 442
20 47 670
20 49 422
20 53 875
20 54 296
20 60 989
20 64 398
20 66 552
20 67 679
20 69 147
20 70 813
20 75 626
20 80 103
20 82 46
20 83 597
20 86 567
20 87 981
20 88 910
20 90 140
20 93 409
20 98 150
21 4 390
21 5 368
21 6 595
21 8 295
21 10 275
21 12 360
21 13 891
21 20 790
21 29 735
21 31 346
21 34 355
21 39 981
21 42 93
21 45 361
21 49 717
21 50 440
21 51 517
21 52 590
21 54 109
21 57 436
21 62 398
21 65 36
21 67 43
21 70 302
21 72 563
21 73 326
21 74 477
21 75 123
21 78 286
21 80 586
21 81 534
21 88 506
21 91 439
21 92 417
21 95 359
21 98 111
22 6 413
22 16 577
22 24 74
22 25 349
22 29 281
22 32 395
22 34 536
22 39 938
22 40 434
22 41 243
22 43 135
22 44 299
22 48 371
22 51 780
22 56 922
22 57 836
22 58 741
22 62 129
22 68 575
22 69 935
22 70 808
22 72 608
22 73 68
22 81 953
22 83 203
22 84 995
22 92 929
22 94 392
22 98 350
23 13 232
23 16 292
23 18 236
23 24 135
23 38 524
23 43 432
23 48 866
23 49 710
23 50 224
23 52 340
23 56 733
23 57 944
23 62 604
23 63 384
23 66 94
23 67 900
23 72 882
23 75 267
23 76 107
23 77 197
23 83 305
23 84 872
23 93 854
23 98 20
24 4 212
24 6 24
24 7 100
24 9 76
24 12 839
24 14 76
24 17 957
24 22 74
24 23 135
24 26 144
24 31 432
24 40 662
24 46 634
24 49 989
24 52 778
24 56 584
24 59 962
24 60 415
24 64 574
24 69 167
24 76 826
24 77 236
24 84 302
24 93 436
24 94 25
25 1 938
25 5 384
25 6 688
25 8 132
25 9 686
25 10 997
25 12 183
25 17 302
25 18 133
25 22 349
25 26 761
25 28 936
25 37 319
25 45 13
25 50 101
25 51 384
25 52 481
25 55 758
25 56 310
25 57 868
25 58 557
25 61 617
25 65 437
25 69 975
25 70 460
25 73 693
25 75 540
25 85 949
25 87 371
25 91 781
25 96 877
25 98 153
26 3 801
26 7 330
26 8 811
26 13 550
26 18 393
26 24 144
26 25 761
26 27 509
26 28 237
26 29 531
26 30 796
26 31 751
26 37 642
26 38 779
26 44 161
26 45 803
26 49 728
26 52 778
26 55 436
26 58 771
26 65 942
26 66 470
26 69 102
26 71 249
26 73 747
26 78 45
26 81 767
26 82 266
26 84 693
26 87 788
26 88 168
26 90 842
26 94 433
26 98 260
26 99 188
27 4 128
27 5 110
27 6 570
27 7 650
27 12 549
27 17 443
27 26 509
27 32 813
27 33 659
27 37 357
27 41 530
27 43 275
27 50 634
27 53 716
27 55 262
27 59 525
27 60 739
27 63 797
27 64 600
27 65 41
27 69 765
27 72 401
27 78 499
27 81 265
27 87 685
27 91 217
27 94 422
28 1 321
28 3 154
28 4 60
28 5 474
28 11 970
28 13 598
28 16 515
28 25 936
28 26 237
28 30 892
28 36 652
28 38 346
28 42 117
28 43 989
28 44 725
28 46 196
28 54 534
28 59 366
28 72 805
28 78 22
28 83 330
28 88 841
28 92 477
28 95 155
28 97 43
29 2 526
29 11 350
29 13 794
29 15 157
29 19 193
29 21 735
29 22 281
29 26 531
29 30 18
29 31 399
29 33 789
29 36 436
29 39 515
29 42 315
29 47 704
29 49 26
29 50 705
29 52 303
29 53 164
29 55 586
29 56 182
29 57 789
29 62 352
29 65 298
29 69 823
29 73 849
29 75 636
29 78 368
29 80 468
29 81 724
29 84 107
29 85 388
29 87 161
29 90 388
29 93 833
30 1 221
30 3 419
30 4 245
30 7 491
30 9 75
30 14 218
30 26 796
30 28 892
30 29 18
30 31 573
30 32 209
30 34 22
30 36 829
30 41 551
30 42 537
30 44 247
30 45 128
30 46 349
30 49 247
30 55 185
30 59 969
30 63 173
30 66 581
30 70 522
30 75 912
30 76 807
30 77 183
30 83 113
30 84 494
30 86 640
30 88 861
30 95 522
30 96 651
31 1 16
31 4 859
31 7 243
31 9 903
31 12 449
31 14 503
31 15 549
31 17 964
31 18 452
31 21 346
31 24 432
31 26 751
31 29 399
31 30 573
31 40 936
31 41 405
31 44 838
31 45 401
31 46 835
31 47 916
31 50 276
31 57 259
31 60 841
31 65 515
31 68 992
31 74 974
31 75 56
31 83 720
31 89 108
31 94 932
31 97 69
31 99 275
32 1 336
32 2 128
32 3 365
32 5 44
32 8 867
32 11 328
32 15 163
32 18 780
32 19 321
32 20 803
32 22 395
32 27 813
32 30 209
32 33 750
32 37 715
32 39 726
32 41 794
32 53 252
32 54 543
32 57 221
32 58 149
32 59 458
32 60 474
32 68 450
32 70 213
32 78 260
32 79 515
33 2 338
33 4 561
33 5 412
33 6 595
33 9 997
33 10 211
33 13 770
33 15 491
33 18 82
33 19 60
33 20 899
33 27 659
33 29 789
33 32 750
33 46 485
33 48 280
33 54 238
33 56 936
33 62 758
33 66 880
33 69 50
33 71 43
33 73 148
33 74 956
33 79 652
33 80 491
33 84 984
33 88 117
33 95 819
33 99 632
34 1 681
34 3 819
34 4 620
34 5 648
34 7 32
34 12 788
34 17 708
34 19 779
34 21 355
34 22 536
34 30 22
34 35 49
34 41 430
34 48 879
34 49 101
34 54 971
34 56 453
34 60 228
34 74 410
34 79 633
34 85 165
34 86 293
34 88 89
34 92 387
34 94 602
34 96 309
35 6 773
35 9 846
35 16 348
35 19 914
35 34 49
35 37 66
35 40 519
35 46 667
35 49 712
35 50 133
35 54 685
35 64 432
35 66 366
35 67 53
35 69 392
35 71 589
35 74 936
35 79 708
35 80 478
35 81 989
35 83 348
35 88 510
35 89 18
35 91 113
35 93 492
35 94 346
35 96 480
36 1 450
36 11 325
36 12 61
36 17 840
36 28 652
36 29 436
36 30 829
36 43 869
36 44 323
36 45 581
36 48 645
36 56 945
36 60 106
36 63 44
36 66 963
36 73 76
36 75 76
36 78 455
36 80 866
36 83 750
36 85 689
36 94 218
36 99 57
37 1 830
37 4 945
37 5 33
37 9 825
37 16 552
37 20 560
37 25 319
37 26 642
37 27 357
37 32 715
37 35 66
37 40 930
37 46 787
37 47 41
37 48 806
37 50 369
37 55 300
37 56 863
37 57 94
37 63 597
37 66 801
37 68 47
37 70 376
37 73 357
37 76 760
37 78 264
37 80 952
37 81 385
37 91 840
37 95 80
37 97 404
38 1 520
38 5 275
38 8 198
38 9 296
38 15 512
38 17 503
38 19 708
38 23 524
38 26 779
38 28 346
38 39 194
38 41 204
38 44 106
38 52 391
38 55 890
38 63 958
38 66 664
38 69 964
38 71 923
38 79 552
38 82 333
38 85 116
38 90 861
38 92 938
38 94 197
38 99 644
39 3 677
39 12 298
39 14 484
39 16 882
39 20 461
39 21 981
39 22 938
39 29 515
39 32 726
39 38 194
39 40 950
39 42 914
39 48 878
39 52 620
39 54 111
39 57 671
39 59 483
39 60 954
39 61 261
39 64 827
39 77 884
39 84 793
39 88 843
39 92 955
39 93 502
39 95 202
39 96 597
39 98 17
39 99 376
40 1 483
40 2 363
40 3 10
40 6 912
40 7 282
40 15 610
40 18 536
40 22 434
40 24 662
40 31 936
40 35 519
40 37 930
40 39 950
40 41 567
40 43 381
40 44 127
40 47 451
40 56 318
40 60 935
40 63 98
40 65 919
40 66 329
40 73 956
40 78 470
40 83 968
40 85 816
40 96 303
41 1 100
41 3 547
41 4 270
41 6 948
41 10 209
41 12 23
41 13 16
41 16 457
41 22 243
41 27 530
41 30 551
41 31 405
41 32 794
41 34 430
41 38 204
41 40 567
41 44 844
41 45 585
41 48 632
41 51 420
41 53 630
41 56 641
41 58 710
41 62 27
41 64 920
41 65 893
41 68 709
41 70 310
41 73 825
41 74 451
41 87 405
41 94 14
41 98 681
42 2 326
42 9 420
42 15 831
42 19 743
42 20 442
42 21 93
42 28 117
42 29 315
42 30 537
42 39 914
42 48 437
42 51 664
42 53 929
42 54 137
42 57 508
42 61 372
42 67 842
42 69 852
42 72 591
42 73 25
42 77 106
42 84 137
42 87 467
42 91 816
42 94 240
42 97 684
43 7 338
43 9 145
43 13 110
43 14 987
43 16 262
43 17 404
43 18 795
43 22 135
43 23 432
43 27 275
43 28 989
43 36 869
43 40 381
43 44 310
43 46 177
43 48 422
43 50 419
43 53 950
43 56 79
43 61 438
43 63 928
43 69 382
43 70 968
43 71 624
43 72 740
43 73 195
43 75 253
43 76 13
43 78 98
43 79 807
43 80 992
43 81 689
43 82 207
43 84 529
43 87 316
43 88 605
43 90 755
44 1 245
44 6 279
44 7 703
44 22 299
44 26 161
44 28 725
44 30 247
44 31 838
44 36 323
44 38 106
44 40 127
44 41 844
44 43 310
44 53 427
44 55 804
44 59 423
44 60 579
44 62 175
44 66 965
44 67 46
44 68 296
44 72 472
44 73 776
44 76 460
44 82 654
44 84 552
44 85 21
44 93 324
44 95 424
44 96 386
45 6 433
45 9 164
45 15 381
45 17 680
45 21 361
45 25 13
45 26 803
45 30 128
45 31 401
45 36 581
45 41 585
45 47 613
45 49 383
45 54 891
45 57 421
45 58 310
45 60 186
45 64 866
45 66 806
45 71 34
45 74 375
45 76 237
45 82 969
45 95 123
45 97 100
46 1 590
46 4 217
46 5 436
46 6 100
46 9 687
46 14 122
46 15 136
46 17 485
46 19 918
46 24 634
46 28 196
46 30 349
46 31 835
46 33 485
46 35 667
46 37 787
46 43 177
46 48 664
46 49 322
46 50 913
46 53 821
46 55 1
46 57 740
46 59 536
46 62 222
46 63 240
46 64 827
46 67 625
46 68 343
46 69 196
46 71 26
46 75 710
46 78 122
46 79 844
46 84 324
46 85 969
46 89 65
47 1 618
47 2 739
47 5 866
47 7 81
47 10 769
47 14 142
47 16 700
47 19 154
47 20 670
47 29 704
47 31 916
47 37 41
47 40 451
47 45 613
47 49 432
47 52 958
47 54 758
47 55 38
47 56 476
47 60 169
47 62 991
47 63 299
47 68 123
47 69 896
47 70 575
47 71 394
47 72 596
47 76 298
47 77 438
47 78 703
47 84 997
47 87 566
47 89 556
47 90 18
47 91 645
47 92 502
47 94 503
47 96 338
47 97 986
48 2 608
48 4 445
48 6 973
48 19 277
48 22 371
48 23 866
48 33 280
48 34 879
48 36 645
48 37 806
48 39 878
48 41 632
48 42 437
48 43 422
48 46 664
48 49 161
48 56 256
48 57 324
48 58 265
48 62 263
48 63 920
48 65 407
48 70 231
48 73 987
48 76 925
48 77 728
48 90 238
48 91 924
48 96 371
48 97 776
49 16 945
49 19 587
49 20 422
49 21 717
49 23 710
49 24 989
49 26 728
49 29 26
49 30 247
49 34 101
49 35 712
49 45 383
49 46 322
49 47 432
49 48 161
49 58 432
49 59 452
49 67 964
49 78 770
49 82 258
49 87 630
49 88 148
49 90 951
49 96 346
49 97 951
49 99 244
50 5 441
50 11 710
50 15 443
50 17 608
50 21 440
50 23 224
50 25 101
50 27 634
50 29 705
50 31 276
50 35 133
50 37 369
50 43 419
50 46 913
50 51 383
50 55 714
50 57 628
50 58 910
50 59 219
50 63 736
50 65 703
50 68 802
50 70 131
50 73 239
50 91 896
50 93 357
50 94 415
50 96 746
51 4 71
51 11 227
51 14 230
51 18 36
51 21 517
51 22 780
51 25 384
51 41 420
51 42 664
51 50 383
51 54 321
51 60 200
51 63 662
51 73 797
51 75 313
51 76 135
51 78 797
51 81 663
51 98 344
51 99 95
52 4 948
52 5 642
52 6 170
52 8 370
52 13 639
52 14 165
52 15 75
52 21 590
52 23 340
52 24 778
52 25 481
52 26 778
52 29 303
52 38 391
52 39 620
52 47 958
52 54 651
52 56 115
52 62 899
52 64 966
52 75 935
52 79 405
52 84 575
52 89 678
52 90 599
52 91 762
52 93 712
52 99 176
53 1 46
53 8 976
53 11 591
53 12 450
53 14 547
53 20 875
53 27 716
53 29 164
53 32 252
53 41 630
53 42 929
53 43 950
53 44 427
53 46 821
53 55 112
53 58 470
53 60 552
53 61 527
53 63 258
53 65 804
53 66 521
53 70 325
53 79 254
53 80 972
53 87 104
53 89 402
53 91 967
53 94 666
53 95 902
53 99 566
54 1 347
54 4 987
54 8 733
54 13 787
54 20 296
54 21 109
54 28 534
54 32 543
54 33 238
54 34 971
54 35 685
54 39 111
54 42 137
54 45 891
54 47 758
54 51 321
54 52 651
54 58 325
54 62 170
54 64 716
54 65 344
54 68 637
54 72 872
54 73 540
54 77 811
54 81 304
54 86 142
54 87 245
54 91 46
54 93 763
54 95 205
54 96 52
54 98 264
55 3 955
55 4 945
55 7 845
55 9 428
55 25 758
55 26 436
55 27 262
55 29 586
55 30 185
55 37 300
55 38 890
55 44 804
55 46 1
55 47 38
55 50 714
55 53 112
55 56 107
55 57 382
55 58 737
55 62 838
55 63 775
55 66 295
55 70 642
55 71 227
55 73 718
55 76 123
55 79 647
55 83 870
55 88 872
55 94 804
55 96 550
55 98 980
56 4 979
56 8 502
56 11 985
56 12 178
56 14 507
56 16 290
56 18 724
56 22 922
56 23 733
56 24 584
56 25 310
56 29 182
56 33 936
56 34 453
56 36 945
56 37 863
56 40 318
56 41 641
56 43 79
56 47 476
56 48 256
56 52 115
56 55 107
56 58 606
56 62 635
56 69 755
56 70 770
56 71 990
56 76 783
56 77 808
56 79 811
56 86 947
56 89 614
56 92 730
56 93 502
56 95 702
57 3 526
57 4 385
57 6 287
57 10 445
57 13 89
57 14 434
57 15 278
57 16 561
57 21 436
57 22 836
57 23 944
57 25 868
57 29 789
57 31 259
57 32 221
57 37 94
57 39 671
57 42 508
57 45 421
57 46 740
57 48 324
57 50 628
57 55 382
57 58 519
57 62 947
57 66 801
57 70 683
57 72 168
57 74 617
57 75 296
57 77 138
57 79 42
57 80 601
57 93 46
57 99 433
58 9 210
58 10 986
58 11 660
58 12 505
58 13 732
58 15 150
58 16 721
58 22 741
58 25 557
58 26 771
58 32 149
58 41 710
58 45 310
58 48 265
58 49 432
58 50 910
58 53 470
58 54 325
58 55 737
58 56 606
58 57 519
58 66 411
58 68 860
58 69 581
58 80 307
58 83 192
58 84 703
58 87 301
58 88 801
58 92 313
58 99 905
59 1 546
59 2 280
59 3 287
59 8 802
59 12 589
59 15 76
59 24 962
59 27 525
59 28 366
59 30 969
59 32 458
59 39 483
59 44 423
59 46 536
59 49 452
59 50 219
59 60 794
59 62 382
59 63 179
59 67 102
59 83 420
59 86 559
59 96 6
59 99 902
60 1 210
60 3 971
60 10 739
60 15 847
60 20 989
60 24 415
60 27 739
60 31 841
60 32 474
60 34 228
60 36 106
60 39 954
60 40 935
60 44 579
60 45 186
60 47 169
60 51 200
60 53 552
60 59 794
60 64 128
60 69 122
60 70 817
60 73 204
60 74 836
60 77 586
60 79 633
60 80 372
60 81 484
60 88 722
60 91 781
60 94 939
60 96 236
61 1 479
61 7 338
61 9 299
61 13 631
61 17 712
61 25 617
61 39 261
61 42 372
61 43 438
61 53 527
61 71 197
61 78 360
61 82 830
61 85 265
61 88 981
61 93 6
61 95 6
61 96 738
61 97 446
62 1 503
62 4 125
62 5 286
62 10 147
62 15 784
62 21 398
62 22 129
62 23 604
62 29 352
62 33 758
62 41 27
62 44 175
62 46 222
62 47 991
62 48 263
62 52 899
62 54 170
62 55 838
62 56 635
62 57 947
62 59 382
62 63 471
62 70 881
62 75 134
62 76 725
62 79 951
62 81 690
62 83 543
62 84 521
62 88 796
62 91 568
62 95 884
62 98 15
62 99 973
63 12 52
63 15 231
63 18 281
63 23 384
63 27 797
63 30 173
63 36 44
63 37 597
63 38 958
63 40 98
63 43 928
63 46 240
63 47 299
63 48 920
63 50 736
63 51 662
63 53 258
63 55 775
63 59 179
63 62 471
63 65 199
63 71 687
63 73 203
63 74 975
63 76 537
63 78 467
63 81 774
63 83 757
63 90 501
63 94 172
63 95 865
63 96 889
63 97 377
64 2 177
64 6 527
64 7 351
64 8 890
64 10 298
64 20 398
64 24 574
64 27 600
64 35 432
64 39 827
64 41 920
64 45 866
64 46 827
64 52 966
64 54 716
64 60 128
64 67 444
64 68 815
64 70 636
64 74 887
64 77 447
64 79 958
64 84 682
64 90 130
64 91 781
64 92 192
64 94 827
64 95 620
64 99 2
65 5 642
65 6 599
65 14 55
65 17 742
65 21 36
65 25 437
65 26 942
65 27 41
65 29 298
65 31 515
65 40 919
65 41 893
65 48 407
65 50 703
65 53 804
65 54 344
65 63 199
65 67 916
65 68 606
65 69 673
65 74 904
65 75 128
65 77 681
65 78 656
65 80 36
65 87 801
65 91 31
65 96 589
65 97 859
65 98 65
66 9 359
66 10 82
66 15 441
66 16 627
66 19 607
66 20 552
66 23 94
66 26 470
66 30 581
66 33 880
66 35 366
66 36 963
66 37 801
66 38 664
66 40 329
66 44 965
66 45 806
66 53 521
66 55 295
66 57 801
66 58 411
66 68 285
66 73 167
66 74 860
66 80 894
66 83 818
66 95 801
66 99 215
67 2 522
67 5 50
67 9 206
67 18 653
67 20 679
67 21 43
67 23 900
67 35 53
67 42 842
67 44 46
67 46 625
67 49 964
67 59 102
67 64 444
67 65 916
67 70 846
67 71 109
67 78 857
67 79 670
67 80 275
67 92 156
67 96 739
68 3 550
68 4 368
68 5 56
68 11 349
68 12 932
68 13 129
68 16 187
68 17 737
68 22 575
68 31 992
68 32 450
68 37 47
68 41 709
68 44 296
68 46 343
68 47 123
68 50 802
68 54 637
68 58 860
68 64 815
68 65 606
68 66 285
68 70 708
68 72 76
68 74 467
68 75 415
68 76 252
68 78 294
68 79 999
68 80 667
68 87 660
68 94 622
68 95 695
68 96 356
68 97 978
68 98 155
68 99 22
69 2 955
69 4 987
69 5 573
69 13 652
69 15 841
69 17 492
69 18 810
69 20 147
69 22 935
69 24 167
69 25 975
69 26 102
69 27 765
69 29 823
69 33 50
69 35 392
69 38 964
69 42 852
69 43 382
69 46 196
69 47 896
69 56 755
69 58 581
69 60 122
69 65 673
69 72 803
69 73 748
69 77 742
69 78 262
69 83 934
69 88 431
69 89 964
69 90 487
69 91 106
69 94 252
69 96 130
69 99 861
70 2 743
70 3 556
70 6 278
70 9 102
70 10 259
70 11 753
70 12 125
70 14 799
70 16 628
70 19 404
70 20 813
70 21 302
70 22 808
70 25 460
70 30 522
70 32 213
70 37 376
70 41 310
70 43 968
70 47 575
70 48 231
70 50 131
70 53 325
70 55 642
70 56 770
70 57 683
70 60 817
70 62 881
70 64 636
70 67 846
70 68 708
70 72 419
70 75 758
70 83 360
70 84 103
70 90 899
70 91 434
70 92 998
70 94 396
70 95 114
71 2 591
71 13 611
71 26 249
71 33 43
71 35 589
71 38 923
71 43 624
71 45 34
71 46 26
71 47 394
71 55 227
71 56 990
71 61 197
71 63 687
71 67 109
71 76 186
71 78 862
71 80 126
71 82 842
71 84 900
71 86 280
71 89 709
71 91 318
71 92 609
71 93 460
71 94 180
72 1 797
72 3 893
72 5 991
72 7 525
72 10 323
72 11 246
72 13 641
72 19 376
72 21 563
72 22 608
72 23 882
72 27 401
72 28 805
72 42 591
72 43 740
72 44 472
72 47 596
72 54 872
72 57 168
72 68 76
72 69 803
72 70 419
72 73 289
72 78 193
72 80 335
72 94 622
72 96 886
72 99 570
73 3 509
73 7 877
73 9 428
73 11 542
73 16 921
73 17 583
73 21 326
73 22 68
73 25 693
73 26 747
73 29 849
73 33 148
73 36 76
73 37 357
73 40 956
73 41 825
73 42 25
73 43 195
73 44 776
73 48 987
73 50 239
73 51 797
73 54 540
73 55 718
73 60 204
73 63 203
73 66 167
73 69 748
73 72 289
73 80 34
73 87 290
73 88 672
73 90 958
73 95 575
73 97 193
73 99 121
74 8 792
74 10 456
74 14 622
74 17 772
74 19 372
74 21 477
74 31 974
74 33 956
74 34 410
74 35 936
74 41 451
74 45 375
74 57 617
74 60 836
74 63 975
74 64 887
74 65 904
74 66 860
74 68 467
74 75 835
74 78 904
74 79 370
74 80 976
74 81 526
74 82 761
74 83 226
74 84 517
74 87 814
74 91 387
74 94 105
74 96 585
75 1 664
75 2 511
75 4 262
75 7 171
75 8 298
75 11 527
75 14 341
75 17 103
75 19 456
75 20 626
75 21 123
75 23 267
75 25 540
75 29 636
75 30 912
75 31 56
75 36 76
75 43 253
75 46 710
75 51 313
75 52 935
75 57 296
75 62 134
75 65 128
75 68 415
75 70 758
75 74 835
75 76 523
75 77 949
75 81 967
75 82 680
75 86 379
76 6 969
76 8 939
76 10 979
76 12 196
76 14 848
76 16 933
76 18 731
76 23 107
76 24 826
76 30 807
76 37 760
76 43 13
76 44 460
76 45 237
76 47 298
76 48 925
76 51 135
76 55 123
76 56 783
76 62 725
76 63 537
76 68 252
76 71 186
76 75 523
76 77 27
76 79 828
76 81 699
76 82 172
76 88 178
76 91 778
76 98 142
76 99 367
77 3 16
77 10 142
77 18 882
77 23 197
77 24 236
77 30 183
77 39 884
77 42 106
77 47 438
77 48 728
77 54 811
77 56 808
77 57 138
77 60 586
77 64 447
77 65 681
77 69 742
77 75 949
77 76 27
77 83 558
77 84 370
77 88 309
77 93 34
77 98 838
78 3 311
78 4 338
78 8 672
78 13 587
78 15 428
78 19 837
78 21 286
78 26 45
78 27 499
78 28 22
78 29 368
78 32 260
78 36 455
78 37 264
78 40 470
78 43 98
78 46 122
78 47 703
78 49 770
78 51 797
78 61 360
78 63 467
78 65 656
78 67 857
78 68 294
78 69 262
78 71 862
78 72 193
78 74 904
78 80 258
78 82 654
78 88 664
78 90 141
78 91 266
78 94 660
78 97 267
78 99 621
79 3 877
79 6 313
79 7 452
79 15 763
79 16 267
79 17 541
79 19 581
79 32 515
79 33 652
79 34 633
79 35 708
79 38 552
79 43 807
79 46 844
79 52 405
79 53 254
79 55 647
79 56 811
79 57 42
79 60 633
79 62 951
79 64 958
79 67 670
79 68 999
79 74 370
79 76 828
79 83 598
79 86 732
79 88 307
79 89 909
79 91 866
79 92 156
79 93 202
79 99 281
80 2 8
80 3 937
80 7 240
80 10 898
80 12 550
80 15 97
80 18 611
80 19 741
80 20 103
80 21 586
80 29 468
80 33 491
80 35 478
80 36 866
80 37 952
80 43 992
80 53 972
80 57 601
80 58 307
80 60 372
80 65 36
80 66 894
80 67 275
80 68 667
80 71 126
80 72 335
80 73 34
80 74 976
80 78 258
80 84 800
80 89 889
80 93 170
80 94 11
81 1 185
81 2 451
81 4 312
81 10 474
81 12 435
81 13 93
81 16 719
81 18 277
81 21 534
81 22 953
81 26 767
81 27 265
81 29 724
81 35 989
81 37 385
81 43 689
81 51 663
81 54 304
81 60 484
81 62 690
81 63 774
81 74 526
81 75 967
81 76 699
81 82 546
81 84 522
81 88 514
81 96 296
82 2 522
82 3 200
82 4 731
82 16 824
82 20 46
82 26 266
82 38 333
82 43 207
82 44 654
82 45 969
82 49 258
82 61 830
82 71 842
82 74 761
82 75 680
82 76 172
82 78 654
82 81 546
82 90 919
82 92 535
82 97 775
83 1 178
83 10 416
83 19 103
83 20 597
83 22 203
83 23 305
83 28 330
83 30 113
83 31 720
83 35 348
83 36 750
83 40 968
83 55 870
83 58 192
83 59 420
83 62 543
83 63 757
83 66 818
83 69 934
83 70 360
83 74 226
83 77 558
83 79 598
83 85 831
83 95 663
83 96 335
84 4 573
84 12 530
84 14 96
84 16 582
84 18 637
84 22 995
84 23 872
84 24 302
84 26 693
84 29 107
84 30 494
84 33 984
84 39 793
84 42 137
84 43 529
84 44 552
84 46 324
84 47 997
84 52 575
84 58 703
84 62 521
84 64 682
84 70 103
84 71 900
84 74 517
84 77 370
84 80 800
84 81 522
84 86 755
84 87 83
84 89 839
84 91 907
84 96 811
84 97 394
84 98 109
85 1 123
85 7 142
85 9 11
85 11 23
85 12 517
85 19 159
85 25 949
85 29 388
85 34 165
85 36 689
85 38 116
85 40 816
85 44 21
85 46 969
85 61 265
85 83 831
85 86 856
85 90 910
85 91 219
85 92 21
85 93 512
85 94 698
85 95 641
85 96 107
86 3 415
86 13 806
86 14 482
86 20 567
86 30 640
86 34 293
86 54 142
86 56 947
86 59 559
86 71 280
86 75 379
86 79 732
86 84 755
86 85 856
86 93 448
86 94 251
87 5 763
87 6 20
87 9 648
87 10 755
87 13 739
87 14 719
87 15 547
87 16 144
87 19 700
87 20 981
87 25 371
87 26 788
87 27 685
87 29 161
87 41 405
87 42 467
87 43 316
87 47 566
87 49 630
87 53 104
87 54 245
87 58 301
87 65 801
87 68 660
87 73 290
87 74 814
87 84 83
87 92 745
87 94 179
87 98 663
88 5 5
88 10 897
88 11 241
88 12 420
88 15 796
88 20 910
88 21 506
88 26 168
88 28 841
88 30 861
88 33 117
88 34 89
88 35 510
88 39 843
88 43 605
88 49 148
88 55 872
88 58 801
88 60 722
88 61 981
88 62 796
88 69 431
88 73 672
88 76 178
88 77 309
88 78 664
88 79 307
88 81 514
88 92 609
88 95 494
89 4 622
89 6 906
89 9 54
89 10 613
89 11 228
89 14 133
89 16 352
89 17 687
89 31 108
89 35 18
89 46 65
89 47 556
89 52 678
89 53 402
89 56 614
89 69 964
89 71 709
89 79 909
89 80 889
89 84 839
89 90 858
89 91 741
89 93 275
90 1 397
90 4 821
90 7 901
90 9 950
90 10 710
90 16 484
90 17 403
90 18 809
90 20 140
90 26 842
90 29 388
90 38 861
90 43 755
90 47 18
90 48 238
90 49 951
90 52 599
90 63 501
90 64 130
90 69 487
90 70 899
90 73 958
90 78 141
90 82 919
90 85 910
90 89 858
90 93 780
90 95 232
90 96 877
91 4 922
91 5 321
91 9 589
91 14 405
91 15 93
91 16 475
91 18 33
91 21 439
91 25 781
91 27 217
91 35 113
91 37 840
91 42 816
91 47 645
91 48 924
91 50 896
91 52 762
91 53 967
91 54 46
91 60 781
91 62 568
91 64 781
91 65 31
91 69 106
91 70 434
91 71 318
91 74 387
91 76 778
91 78 266
91 79 866
91 84 907
91 85 219
91 89 741
91 94 166
91 96 506
91 97 686
91 99 772
92 1 91
92 2 15
92 3 725
92 9 636
92 10 774
92 11 428
92 14 668
92 19 571
92 21 417
92 22 929
92 28 477
92 34 387
92 38 938
92 39 955
92 47 502
92 56 730
92 58 313
92 64 192
92 67 156
92 70 998
92 71 609
92 79 156
92 82 535
92 85 21
92 87 745
92 88 609
92 93 360
92 94 280
93 8 577
93 11 623
93 13 888
93 15 214
93 18 292
93 20 409
93 23 854
93 24 436
93 29 833
93 35 492
93 39 502
93 44 324
93 50 357
93 52 712
93 54 763
93 56 502
93 57 46
93 61 6
93 71 460
93 77 34
93 79 202
93 80 170
93 85 512
93 86 448
93 89 275
93 90 780
93 92 360
94 5 470
94 6 455
94 10 970
94 14 455
94 15 182
94 16 148
94 22 392
94 24 25
94 26 433
94 27 422
94 31 932
94 34 602
94 35 346
94 36 218
94 38 197
94 41 14
94 42 240
94 47 503
94 50 415
94 53 666
94 55 804
94 60 939
94 63 172
94 64 827
94 68 622
94 69 252
94 70 396
94 71 180
94 72 622
94 74 105
94 78 660
94 80 11
94 85 698
94 86 251
94 87 179
94 91 166
94 92 280
94 96 876
94 98 529
95 2 281
95 10 804
95 15 972
95 16 461
95 17 900
95 21 359
95 28 155
95 30 522
95 33 819
95 37 80
95 39 202
95 44 424
95 45 123
95 53 902
95 54 205
95 56 702
95 61 6
95 62 884
95 63 865
95 64 620
95 66 801
95 68 695
95 70 114
95 73 575
95 83 663
95 85 641
95 88 494
95 90 232
96 6 255
96 8 704
96 12 380
96 13 830
96 14 664
96 25 877
96 30 651
96 34 309
96 35 480
96 39 597
96 40 303
96 44 386
96 47 338
96 48 371
96 49 346
96 50 746
96 54 52
96 55 550
96 59 6
96 60 236
96 61 738
96 63 889
96 65 589
96 67 739
96 68 356
96 69 130
96 72 886
96 74 585
96 81 296
96 83 335
96 84 811
96 85 107
96 90 877
96 91 506
96 94 876
96 97 973
97 3 714
97 5 752
97 17 213
97 28 43
97 31 69
97 37 404
97 42 684
97 45 100
97 47 986
97 48 776
97 49 951
97 61 446
97 63 377
97 65 859
97 68 978
97 73 193
97 78 267
97 82 775
97 84 394
97 91 686
97 96 973
97 98 171
97 99 187
98 6 22
98 7 612
98 12 178
98 16 64
98 17 542
98 20 150
98 21 111
98 22 350
98 23 20
98 25 153
98 26 260
98 39 17
98 41 681
98 51 344
98 54 264
98 55 980
98 62 15
98 65 65
98 68 155
98 76 142
98 77 838
98 84 109
98 87 663
98 94 529
98 97 171
1 t 359
2 t 798
3 t 18
9 t 859
18 t 271
26 t 188
31 t 275
33 t 632
36 t 57
38 t 644
39 t 376
49 t 244
51 t 95
52 t 176
53 t 566
57 t 433
58 t 905
59 t 902
62 t 973
64 t 2
66 t 215
68 t 22
69 t 861
72 t 570
73 t 121
76 t 367
78 t 621
79 t 281
91 t 772
97 t 187
