s 4 290
s 7 177
s 9 600
s 10 300
s 14 38
s 20 47
s 27 532
s 33 998
s 35 601
s 37 967
s 40 927
s 41 354
s 44 485
s 47 332
s 52 706
s 57 677
s 59 980
s 61 579
s 63 585
s 66 831
s 71 358
s 72 384
s 89 529
s 90 27
s 94 754
s 104 876
s 107 938
s 112 780
s 115 15
s 119 538
s 120 419
s 121 977
s 127 40
s 135 565
s 137 721
s 142 507
s 146 101
s 147 480
s 165 785
s 168 187
s 177 464
s 181 133
s 194 497
s 196 293
s 197 284
s 199 517
1 5 75
1 9 105
1 12 965
1 15 544
1 17 140
1 20 784
1 21 62
1 22 825
1 24 871
1 26 551
1 28 724
1 31 16
1 32 831
1 36 818
1 56 952
1 61 747
1 64 544
1 72 918
1 76 948
1 77 681
1 78 410
1 79 931
1 83 14
1 85 477
1 88 222
1 91 459
1 92 264
1 97 735
1 99 241
1 100 708
1 118 956
1 119 183
1 122 322
1 124 545
1 128 334
1 129 448
1 130 153
1 132 580
1 133 905
1 134 873
1 142 97
1 143 403
1 149 287
1 152 26
1 155 529
1 157 258
1 160 300
1 162 690
1 166 964
1 167 346
1 169 10
1 174 645
1 180 286
1 188 852
1 189 327
1 194 273
2 3 136
2 4 461
2 5 88
2 7 513
2 11 121
2 13 166
2 16 476
2 17 740
2 18 234
2 27 193
2 28 910
2 30 841
2 32 451
2 35 704
2 36 165
2 37 643
2 38 36
2 39 888
2 41 149
2 46 492
2 49 743
2 50 593
2 54 463
2 69 194
2 78 610
2 80 813
2 81 302
2 82 872
2 91 112
2 98 894
2 120 215
2 122 518
2 125 579
2 127 933
2 130 872
2 136 239
2 140 499
2 143 582
2 144 240
2 146 157
2 147 193
2 152 58
2 159 849
2 162 501
2 163 494
2 166 903
2 173 844
2 178 564
2 181 188
2 185 674
2 188 148
2 193 841
2 195 37
3 2 136
3 14 210
3 17 339
3 18 41
3 20 592
3 23 778
3 25 594
3 26 132
3 28 893
3 35 396
3 37 918
3 38 11
3 40 542
3 41 758
3 43 33
3 45 354
3 47 399
3 49 572
3 58 315
3 66 280
3 70 661
3 73 26
3 74 150
3 76 928
3 77 680
3 78 592
3 84 558
3 86 317
3 91 318
3 93 22
3 95 210
3 103 197
3 106 49
3 111 146
3 119 912
3 120 597
3 121 396
3 123 528
3 124 12
3 127 151
3 129 956
3 135 65
3 137 227
3 146 974
3 147 561
3 148 210
3 149 66
3 152 454
3 153 965
3 156 547
3 160 701
3 162 423
3 168 523
3 176 942
3 183 154
3 186 47
3 187 885
3 193 527
3 194 601
4 2 461
4 5 954
4 15 843
4 16 746
4 17 582
4 20 50
4 25 187
4 28 773
4 29 790
4 31 630
4 32 733
4 34 182
4 35 754
4 38 755
4 39 704
4 44 10
4 45 757
4 46 1
4 50 287
4 51 560
4 52 406
4 53 554
4 55 370
4 56 966
4 64 371
4 68 594
4 73 672
4 74 667
4 76 9
4 82 447
4 84 186
4 86 652
4 90 410
4 91 879
4 95 911
4 97 586
4 98 394
4 104 871
4 107 485
4 109 242
4 116 947
4 121 236
4 126 945
4 129 135
4 135 184
4 140 616
4 142 774
4 146 470
4 147 814
4 149 21
4 151 312
4 152 218
4 153 579
4 156 39
4 157 935
4 159 594
4 164 529
4 171 647
4 172 920
4 179 281
4 181 19
4 185 104
4 191 104
4 193 129
5 1 75
5 2 88
5 4 954
5 6 684
5 10 84
5 19 119
5 21 70
5 25 517
5 27 799
5 33 245
5 36 423
5 37 64
5 42 648
5 44 658
5 45 923
5 46 306
5 61 478
5 69 650
5 76 500
5 77 838
5 79 403
5 83 466
5 85 339
5 88 631
5 92 674
5 99 801
5 103 844
5 108 151
5 113 395
5 121 431
5 122 324
5 123 967
5 124 18
5 126 998
5 131 555
5 136 488
5 137 747
5 140 129
5 144 903
5 150 787
5 152 152
5 155 887
5 159 583
5 160 199
5 161 87
5 167 142
5 172 76
5 173 147
5 174 240
5 177 946
5 180 575
5 181 197
5 185 687
5 186 803
5 188 429
5 192 109
5 197 276
6 5 684
6 25 389
6 27 440
6 28 837
6 34 221
6 38 546
6 44 635
6 50 972
6 51 282
6 54 837
6 59 262
6 61 906
6 66 144
6 68 210
6 71 375
6 72 281
6 75 598
6 77 71
6 80 154
6 81 711
6 86 872
6 89 193
6 91 189
6 92 787
6 95 245
6 97 23
6 100 737
6 104 20
6 107 888
6 112 836
6 114 823
6 119 427
6 122 594
6 135 933
6 136 120
6 141 653
6 143 526
6 147 660
6 148 410
6 155 168
6 157 975
6 158 938
6 165 555
6 168 71
6 170 48
6 172 880
6 173 867
6 177 13
6 186 723
6 189 475
6 193 909
7 2 513
7 8 967
7 9 895
7 17 520
7 21 581
7 24 116
7 25 233
7 27 690
7 28 829
7 29 52
7 33 107
7 35 86
7 37 559
7 39 790
7 41 467
7 42 565
7 47 568
7 49 936
7 51 226
7 52 313
7 55 241
7 57 664
7 58 72
7 63 502
7 68 602
7 69 890
7 77 992
7 81 599
7 87 847
7 88 556
7 90 305
7 91 955
7 94 914
7 100 298
7 102 226
7 109 398
7 111 49
7 113 795
7 116 345
7 121 972
7 128 663
7 132 201
7 137 181
7 148 558
7 149 7
7 152 188
7 155 682
7 156 800
7 161 550
7 162 171
7 168 561
7 171 312
7 173 282
7 175 130
7 177 177
7 182 492
7 184 48
7 185 181
7 192 141
7 198 952
8 7 967
8 9 53
8 14 618
8 17 893
8 22 762
8 25 357
8 26 119
8 33 550
8 36 233
8 37 292
8 41 236
8 45 323
8 53 708
8 60 882
8 63 262
8 66 229
8 68 980
8 70 37
8 72 713
8 77 228
8 78 166
8 79 837
8 81 471
8 82 822
8 86 928
8 88 737
8 90 445
8 97 266
8 98 255
8 102 498
8 103 503
8 106 353
8 107 214
8 108 315
8 112 246
8 119 893
8 123 634
8 131 326
8 132 941
8 133 826
8 134 933
8 138 588
8 143 460
8 145 309
8 148 820
8 155 389
8 161 770
8 165 742
8 167 588
8 174 878
8 175 67
8 178 723
8 185 513
8 186 361
8 187 834
8 190 432
8 195 794
8 199 459
9 1 105
9 7 895
9 8 53
9 10 825
9 11 660
9 15 828
9 17 506
9 19 15
9 20 11
9 21 766
9 23 960
9 24 672
9 34 224
9 36 286
9 39 481
9 42 661
9 43 136
9 44 65
9 48 89
9 55 615
9 62 30
9 63 346
9 66 401
9 67 245
9 71 167
9 76 170
9 79 4
9 86 641
9 89 103
9 91 960
9 94 626
9 112 444
9 113 342
9 117 13
9 118 127
9 119 828
9 123 963
9 130 367
9 135 443
9 138 828
9 140 437
9 143 878
9 145 381
9 147 55
9 151 603
9 157 878
9 159 123
9 160 947
9 161 419
9 165 452
9 168 56
9 169 943
9 170 125
9 173 689
9 176 439
9 179 518
9 182 431
9 185 67
9 187 532
9 189 438
9 190 180
10 5 84
10 9 825
10 14 740
10 17 483
10 19 197
10 20 840
10 22 174
10 25 729
10 28 604
10 30 722
10 31 996
10 32 331
10 35 220
10 36 127
10 37 713
10 39 822
10 40 933
10 41 502
10 44 168
10 49 589
10 54 146
10 60 833
10 61 76
10 63 185
10 64 954
10 65 829
10 67 702
10 73 57
10 75 700
10 80 845
10 81 84
10 84 235
10 87 144
10 88 919
10 91 723
10 106 8
10 110 488
10 120 939
10 121 830
10 123 475
10 124 562
10 125 51
10 132 360
10 134 574
10 139 722
10 145 205
10 146 735
10 148 397
10 152 972
10 155 570
10 161 989
10 163 413
10 170 817
10 176 579
10 178 392
10 180 898
10 183 460
10 184 245
10 186 653
10 187 405
10 188 837
10 193 122
10 195 271
10 196 402
11 2 121
11 9 660
11 15 483
11 20 112
11 21 187
11 24 327
11 25 478
11 26 90
11 32 894
11 33 779
11 38 612
11 41 88
11 50 241
11 51 466
11 61 632
11 63 282
11 69 743
11 71 955
11 75 27
11 76 343
11 77 827
11 78 193
11 87 386
11 89 834
11 94 987
11 98 16
11 103 749
11 104 673
11 108 8
11 111 218
11 112 79
11 113 165
11 114 230
11 118 336
11 126 859
11 129 70
11 130 764
11 133 187
11 137 228
11 138 979
11 139 732
11 140 76
11 141 292
11 142 721
11 145 708
11 148 144
11 149 949
11 150 964
11 152 838
11 158 12
11 166 458
11 167 260
11 169 626
11 176 648
11 180 779
11 181 508
11 182 68
11 183 166
11 189 405
11 191 47
11 193 224
11 197 813
11 199 226
12 1 965
12 14 14
12 15 802
12 19 23
12 22 484
12 23 159
12 24 595
12 25 360
12 30 483
12 33 339
12 37 957
12 39 436
12 46 60
12 56 258
12 59 689
12 68 663
12 70 910
12 73 132
12 89 157
12 90 97
12 91 119
12 96 332
12 99 856
12 105 615
12 107 368
12 108 690
12 110 975
12 113 13
12 114 997
12 115 434
12 117 724
12 130 52
12 134 169
12 140 199
12 144 640
12 147 175
12 149 764
12 151 354
12 153 839
12 155 908
12 157 743
12 164 445
12 167 976
12 169 750
12 171 366
12 175 563
12 176 92
12 179 807
12 185 209
12 186 982
12 188 604
12 191 83
12 192 743
12 196 882
12 199 980
13 2 166
13 18 945
13 20 895
13 21 865
13 24 112
13 28 32
13 29 867
13 35 123
13 38 696
13 40 689
13 46 247
13 47 481
13 56 731
13 57 419
13 61 160
13 63 434
13 67 105
13 68 145
13 71 768
13 74 325
13 79 635
13 81 143
13 83 771
13 89 903
13 95 482
13 102 516
13 105 156
13 108 278
13 111 129
13 118 846
13 120 558
13 122 855
13 126 985
13 127 609
13 128 336
13 130 545
13 134 567
13 135 67
13 136 298
13 139 740
13 145 50
13 151 371
13 154 745
13 155 666
13 159 267
13 162 653
13 165 997
13 170 19
13 171 506
13 173 864
13 175 887
13 176 970
13 177 814
13 182 281
13 184 211
13 187 522
13 190 786
14 3 210
14 8 618
14 10 740
14 12 14
14 21 824
14 24 960
14 29 599
14 32 791
14 33 723
14 35 718
14 40 116
14 47 162
14 53 509
14 54 538
14 56 845
14 59 30
14 60 506
14 66 641
14 75 974
14 77 46
14 83 55
14 90 346
14 91 980
14 104 147
14 106 90
14 109 451
14 110 846
14 111 534
14 113 79
14 116 677
14 120 574
14 125 741
14 126 748
14 128 320
14 137 642
14 141 548
14 142 993
14 144 551
14 145 661
14 149 661
14 153 173
14 154 299
14 156 584
14 157 340
14 158 949
14 162 973
14 169 565
14 170 714
14 173 718
14 176 232
14 177 2
14 179 175
14 187 940
14 189 709
14 190 308
14 197 706
14 198 703
14 199 589
15 1 544
15 4 843
15 9 828
15 11 483
15 12 802
15 16 610
15 23 854
15 25 234
15 28 829
15 33 725
15 34 147
15 37 317
15 40 213
15 43 133
15 44 717
15 45 370
15 47 75
15 49 706
15 50 569
15 52 181
15 56 374
15 58 810
15 63 462
15 64 398
15 66 579
15 72 531
15 85 37
15 86 225
15 87 16
15 88 635
15 90 531
15 91 938
15 95 998
15 97 836
15 103 791
15 106 678
15 108 303
15 109 389
15 110 327
15 111 728
15 113 526
15 115 223
15 116 685
15 121 363
15 122 532
15 125 929
15 126 216
15 129 620
15 131 604
15 132 19
15 138 877
15 144 454
15 145 927
15 149 368
15 151 780
15 155 7
15 158 639
15 161 107
15 166 186
15 169 44
15 172 666
15 184 60
15 185 673
15 188 530
15 191 292
15 192 223
15 196 314
16 2 476
16 4 746
16 15 610
16 18 513
16 26 235
16 27 430
16 29 910
16 31 293
16 33 392
16 35 141
16 36 40
16 37 158
16 43 573
16 46 402
16 47 350
16 50 132
16 56 861
16 61 995
16 63 438
16 65 37
16 67 825
16 70 457
16 72 145
16 75 205
16 81 906
16 83 662
16 92 34
16 107 10
16 109 351
16 111 634
16 116 339
16 123 251
16 126 924
16 133 665
16 136 860
16 145 403
16 146 968
16 147 419
16 148 882
16 152 851
16 158 122
16 159 509
16 162 817
16 167 72
16 168 146
16 170 206
16 172 721
16 175 529
16 181 177
16 184 446
16 186 708
16 187 677
16 190 889
16 191 448
16 193 88
16 197 612
17 1 140
17 2 740
17 3 339
17 4 582
17 7 520
17 8 893
17 9 506
17 10 483
17 19 423
17 22 220
17 26 996
17 28 141
17 31 963
17 32 336
17 35 494
17 38 293
17 42 552
17 51 411
17 52 571
17 53 480
17 57 808
17 60 313
17 61 40
17 65 130
17 69 734
17 70 928
17 75 595
17 76 294
17 79 848
17 81 417
17 82 807
17 86 759
17 89 747
17 91 840
17 95 258
17 100 854
17 103 538
17 104 215
17 105 962
17 106 722
17 108 3
17 110 932
17 112 627
17 118 552
17 120 146
17 125 973
17 127 591
17 137 454
17 142 128
17 149 583
17 150 179
17 151 857
17 152 761
17 153 484
17 154 566
17 158 833
17 165 939
17 167 625
17 168 715
17 172 173
17 177 54
17 182 365
17 186 174
17 193 875
17 195 682
18 2 234
18 3 41
18 13 945
18 16 513
18 21 622
18 22 619
18 26 592
18 29 213
18 32 680
18 34 208
18 36 630
18 39 666
18 43 111
18 50 444
18 58 269
18 60 551
18 62 482
18 63 178
18 64 451
18 65 474
18 66 668
18 68 628
18 71 295
18 72 360
18 74 981
18 77 230
18 81 807
18 84 920
18 90 980
18 93 657
18 98 316
18 100 129
18 103 229
18 107 330
18 108 690
18 113 547
18 115 970
18 121 996
18 131 1
18 135 928
18 136 894
18 140 480
18 141 383
18 144 780
18 152 186
18 156 920
18 158 806
18 161 540
18 165 781
18 174 151
18 175 851
18 179 19
18 181 266
18 183 688
18 189 766
18 193 94
18 195 363
18 196 564
18 197 853
18 198 519
18 199 5
19 5 119
19 9 15
19 10 197
19 12 23
19 17 423
19 20 832
19 23 578
19 29 129
19 41 102
19 44 772
19 45 546
19 47 431
19 50 463
19 51 431
19 56 526
19 57 838
19 59 459
19 61 118
19 63 854
19 64 134
19 66 224
19 69 294
19 70 874
19 77 629
19 80 362
19 81 824
19 83 941
19 87 339
19 89 548
19 90 497
19 91 44
19 94 74
19 95 710
19 102 610
19 113 626
19 120 972
19 123 195
19 130 943
19 131 413
19 133 589
19 138 852
19 139 383
19 141 236
19 144 369
19 150 339
19 151 697
19 153 832
19 155 924
19 157 982
19 175 259
19 176 24
19 177 244
19 180 278
19 181 269
19 185 903
19 191 313
19 192 402
19 195 29
19 196 568
19 197 138
19 198 324
20 1 784
20 3 592
20 4 50
20 9 11
20 10 840
20 11 112
20 13 895
20 19 832
20 31 7
20 33 775
20 36 886
20 38 251
20 41 835
20 44 67
20 45 942
20 50 538
20 58 874
20 61 1
20 62 777
20 64 92
20 66 650
20 67 181
20 68 557
20 74 75
20 75 719
20 84 457
20 86 794
20 87 818
20 88 788
20 90 349
20 91 715
20 93 691
20 96 188
20 97 805
20 98 619
20 103 334
20 108 248
20 110 310
20 114 785
20 117 951
20 121 475
20 123 487
20 130 91
20 132 425
20 133 100
20 135 140
20 137 669
20 140 771
20 141 68
20 145 364
20 146 472
20 155 282
20 156 714
20 165 738
20 167 891
20 170 394
20 171 403
20 173 665
20 175 137
20 177 345
20 181 803
20 184 606
20 194 65
20 195 341
20 197 31
21 1 62
21 5 70
21 7 581
21 9 766
21 11 187
21 13 865
21 14 824
21 18 622
21 26 214
21 27 118
21 28 73
21 30 706
21 39 212
21 41 860
21 47 98
21 48 727
21 50 836
21 55 445
21 62 592
21 69 10
21 70 676
21 72 231
21 73 188
21 76 991
21 79 530
21 83 414
21 85 708
21 89 788
21 90 803
21 91 9
21 93 268
21 99 765
21 100 885
21 101 563
21 102 520
21 103 212
21 105 219
21 109 97
21 111 897
21 113 79
21 114 799
21 116 978
21 119 620
21 124 629
21 125 851
21 128 307
21 131 987
21 132 53
21 133 614
21 134 352
21 135 532
21 136 10
21 138 534
21 142 614
21 144 35
21 145 862
21 150 283
21 153 561
21 154 306
21 155 806
21 157 480
21 162 335
21 166 873
21 171 211
21 178 47
21 179 232
21 181 641
21 183 530
21 187 464
21 189 766
21 190 380
21 193 949
21 194 803
21 195 494
21 196 164
22 1 825
22 8 762
22 10 174
22 12 484
22 17 220
22 18 619
22 27 401
22 31 271
22 39 523
22 46 88
22 47 445
22 48 531
22 57 783
22 58 122
22 59 761
22 64 120
22 66 324
22 70 263
22 71 763
22 73 808
22 77 107
22 78 339
22 80 555
22 94 14
22 107 154
22 109 209
22 115 844
22 125 916
22 126 362
22 131 75
22 136 456
22 137 911
22 139 316
22 143 430
22 145 573
22 149 213
22 151 711
22 152 407
22 153 373
22 154 758
22 160 703
22 161 724
22 163 244
22 164 548
22 166 137
22 170 218
22 176 766
22 183 164
22 184 710
22 190 454
23 3 778
23 9 960
23 12 159
23 15 854
23 19 578
23 24 111
23 25 655
23 30 399
23 31 893
23 32 398
23 36 617
23 38 67
23 39 828
23 40 808
23 46 390
23 48 32
23 51 371
23 52 11
23 53 150
23 54 480
23 55 47
23 58 747
23 59 479
23 61 134
23 67 417
23 68 558
23 70 879
23 72 137
23 78 453
23 79 851
23 82 712
23 85 885
23 94 206
23 95 722
23 96 532
23 104 173
23 105 842
23 107 971
23 110 838
23 125 786
23 128 586
23 129 998
23 133 46
23 143 531
23 144 604
23 145 701
23 146 193
23 150 67
23 154 583
23 157 837
23 165 421
23 168 319
23 170 894
23 173 683
23 174 346
23 175 200
23 177 689
23 178 594
23 180 753
23 184 843
23 190 278
23 193 65
23 195 690
24 1 871
24 7 116
24 9 672
24 11 327
24 12 595
24 13 112
24 14 960
24 23 111
24 25 500
24 27 126
24 32 25
24 34 959
24 36 739
24 38 100
24 45 942
24 48 376
24 55 122
24 56 688
24 57 892
24 63 833
24 66 262
24 75 637
24 77 107
24 81 7
24 91 923
24 93 29
24 94 24
24 98 375
24 102 415
24 103 644
24 104 442
24 106 624
24 109 563
24 110 51
24 115 566
24 116 134
24 118 129
24 119 931
24 121 406
24 122 977
24 125 130
24 130 304
24 136 368
24 137 242
24 143 206
24 148 668
24 149 648
24 151 798
24 156 525
24 160 641
24 164 999
24 165 613
24 166 386
24 167 619
24 170 152
24 172 416
24 173 398
24 174 908
24 175 432
24 177 581
24 182 979
24 187 985
24 188 919
25 3 594
25 4 187
25 5 517
25 6 389
25 7 233
25 8 357
25 10 729
25 11 478
25 12 360
25 15 234
25 23 655
25 24 500
25 26 560
25 27 372
25 29 713
25 31 146
25 32 279
25 35 164
25 38 235
25 40 469
25 42 793
25 43 671
25 47 569
25 48 65
25 54 351
25 56 500
25 67 52
25 70 652
25 72 460
25 73 386
25 76 598
25 80 390
25 81 632
25 89 296
25 95 835
25 96 621
25 99 802
25 102 745
25 103 201
25 105 28
25 106 946
25 107 651
25 112 383
25 113 384
25 116 648
25 121 894
25 124 854
25 130 837
25 136 13
25 138 796
25 142 493
25 143 991
25 144 210
25 145 731
25 148 362
25 149 456
25 151 443
25 152 697
25 155 476
25 162 932
25 166 14
25 168 463
25 169 177
25 176 361
25 184 391
25 191 206
25 192 556
25 199 388
26 1 551
26 3 132
26 8 119
26 11 90
26 16 235
26 17 996
26 18 592
26 21 214
26 25 560
26 28 269
26 29 375
26 32 230
26 34 639
26 38 500
26 39 155
26 42 475
26 44 713
26 45 315
26 47 862
26 50 575
26 59 915
26 60 158
26 68 613
26 73 790
26 74 94
26 78 321
26 86 968
26 88 112
26 90 235
26 92 161
26 93 474
26 101 695
26 102 406
26 109 453
26 113 285
26 119 833
26 121 938
26 132 368
26 146 972
26 148 463
26 149 185
26 151 932
26 155 4
26 158 470
26 166 304
26 169 434
26 170 515
26 171 180
26 174 875
26 177 394
26 179 994
26 180 554
26 190 932
26 191 775
26 193 382
26 194 146
26 196 638
27 2 193
27 5 799
27 6 440
27 7 690
27 16 430
27 21 118
27 22 401
27 24 126
27 25 372
27 31 849
27 35 68
27 36 878
27 38 996
27 42 311
27 47 340
27 48 783
27 53 920
27 54 69
27 62 417
27 65 156
27 66 853
27 73 332
27 75 880
27 77 802
27 78 121
27 82 372
27 83 127
27 85 90
27 86 400
27 87 340
27 91 40
27 92 891
27 94 996
27 98 854
27 106 838
27 107 801
27 108 369
27 111 362
27 116 644
27 118 118
27 121 830
27 122 628
27 125 625
27 128 312
27 141 55
27 143 664
27 148 793
27 149 609
27 160 316
27 162 995
27 165 73
27 166 335
27 167 948
27 174 285
27 177 317
27 185 636
27 187 940
27 188 858
27 194 950
28 1 724
28 2 910
28 3 893
28 4 773
28 6 837
28 7 829
28 10 604
28 13 32
28 15 829
28 17 141
28 21 73
28 26 269
28 29 717
28 30 68
28 32 365
28 42 202
28 45 99
28 48 234
28 51 218
28 53 827
28 58 240
28 60 70
28 68 623
28 71 592
28 73 614
28 74 748
28 79 209
28 87 373
28 92 153
28 96 797
28 99 611
28 100 244
28 101 33
28 102 965
28 103 22
28 104 473
28 108 523
28 111 161
28 120 309
28 121 796
28 122 242
28 123 650
28 124 627
28 125 748
28 126 860
28 129 441
28 132 397
28 136 242
28 140 947
28 143 12
28 145 425
28 150 456
28 154 694
28 160 305
28 162 592
28 164 949
28 167 159
28 168 880
28 173 164
28 175 280
28 180 29
28 182 933
28 183 297
29 4 790
29 7 52
29 13 867
29 14 599
29 16 910
29 18 213
29 19 129
29 25 713
29 26 375
29 28 717
29 30 161
29 31 4
29 41 971
29 42 767
29 51 134
29 52 566
29 54 956
29 55 496
29 61 245
29 65 641
29 71 332
29 72 386
29 73 879
29 75 907
29 89 688
29 90 839
29 94 906
29 95 89
29 99 791
29 100 306
29 102 673
29 104 519
29 105 695
29 106 813
29 110 514
29 116 98
29 118 340
29 119 225
29 125 654
29 129 212
29 133 982
29 140 508
29 142 264
29 143 971
29 144 622
29 146 815
29 148 406
29 154 539
29 156 666
29 157 653
29 160 624
29 163 789
29 164 263
29 166 394
29 168 318
29 172 118
29 174 844
29 175 870
29 176 407
29 178 26
29 183 478
29 184 332
29 190 798
29 195 928
29 196 764
29 199 439
30 2 841
30 10 722
30 12 483
30 21 706
30 23 399
30 28 68
30 29 161
30 31 872
30 46 611
30 47 968
30 48 710
30 49 968
30 52 717
30 56 192
30 58 910
30 61 569
30 66 991
30 70 884
30 76 980
30 78 449
30 79 976
30 82 417
30 88 539
30 93 384
30 94 212
30 95 260
30 96 143
30 99 533
30 102 160
30 109 709
30 110 141
30 111 463
30 116 712
30 117 608
30 123 407
30 125 678
30 131 936
30 132 77
30 136 72
30 146 779
30 150 632
30 151 741
30 160 6
30 163 66
30 165 778
30 170 628
30 171 835
30 174 987
30 180 376
30 182 888
30 183 715
30 185 773
30 195 321
30 197 404
31 1 16
31 4 630
31 10 996
31 16 293
31 17 963
31 20 7
31 22 271
31 23 893
31 25 146
31 27 849
31 29 4
31 30 872
31 32 173
31 33 452
31 34 236
31 36 181
31 38 214
31 43 101
31 48 259
31 54 837
31 56 655
31 58 749
31 59 984
31 63 750
31 68 630
31 69 418
31 72 552
31 75 315
31 77 849
31 78 218
31 83 145
31 84 227
31 89 508
31 90 149
31 97 453
31 99 399
31 103 827
31 110 141
31 112 941
31 113 334
31 117 143
31 119 386
31 120 770
31 128 893
31 136 877
31 139 767
31 142 598
31 150 481
31 154 152
31 157 503
31 159 868
31 161 224
31 171 44
31 172 484
31 173 993
31 175 815
31 176 932
31 178 883
31 181 375
31 183 65
31 184 584
31 185 146
31 189 707
31 193 395
31 198 21
32 1 831
32 2 451
32 4 733
32 10 331
32 11 894
32 14 791
32 17 336
32 18 680
32 23 398
32 24 25
32 25 279
32 26 230
32 28 365
32 31 173
32 36 796
32 38 104
32 39 339
32 43 968
32 48 25
32 49 435
32 57 143
32 60 668
32 61 23
32 62 290
32 63 692
32 70 862
32 71 270
32 73 761
32 75 461
32 77 754
32 80 671
32 83 152
32 88 706
32 90 340
32 92 876
32 94 956
32 99 448
32 103 24
32 104 218
32 109 838
32 111 158
32 119 418
32 120 460
32 122 691
32 126 303
32 127 398
32 130 800
32 131 106
32 132 631
32 134 581
32 136 614
32 138 404
32 140 633
32 142 992
32 147 845
32 148 871
32 151 209
32 157 786
32 161 792
32 162 826
32 165 628
32 169 270
32 172 822
32 174 207
32 177 30
32 180 428
32 182 528
32 184 979
32 188 868
32 190 626
32 193 385
32 194 341
32 197 259
33 5 245
33 7 107
33 8 550
33 11 779
33 12 339
33 14 723
33 15 725
33 16 392
33 20 775
33 31 452
33 35 63
33 37 194
33 45 969
33 46 128
33 50 641
33 51 161
33 53 165
33 56 625
33 57 357
33 59 21
33 62 253
33 77 322
33 78 289
33 80 817
33 81 792
33 97 293
33 100 884
33 101 85
33 110 338
33 111 856
33 119 84
33 121 896
33 122 440
33 123 636
33 131 38
33 134 104
33 135 891
33 137 297
33 146 747
33 147 160
33 152 464
33 154 806
33 163 53
33 172 838
33 174 509
33 176 384
33 179 328
33 185 231
33 186 931
33 188 749
33 194 394
34 4 182
34 6 221
34 9 224
34 15 147
34 18 208
34 24 959
34 26 639
34 31 236
34 37 93
34 44 922
34 46 990
34 48 811
34 50 309
34 58 527
34 62 89
34 63 740
34 67 887
34 68 168
34 70 405
34 72 375
34 74 497
34 75 776
34 77 276
34 79 72
34 80 8
34 85 356
34 88 91
34 98 332
34 105 381
34 118 551
34 121 811
34 126 403
34 136 279
34 137 347
34 141 896
34 142 559
34 144 692
34 148 70
34 152 636
34 155 918
34 159 263
34 160 658
34 162 657
34 165 528
34 167 367
34 168 223
34 177 745
34 178 185
34 181 396
34 183 10
34 188 499
34 189 250
34 191 793
34 193 289
34 196 256
34 197 193
35 2 704
35 3 396
35 4 754
35 7 86
35 10 220
35 13 123
35 14 718
35 16 141
35 17 494
35 25 164
35 27 68
35 33 63
35 38 363
35 39 975
35 42 184
35 49 419
35 52 412
35 57 427
35 59 661
35 60 180
35 63 443
35 65 755
35 72 246
35 75 254
35 79 856
35 80 128
35 81 750
35 83 469
35 84 619
35 89 573
35 90 490
35 93 481
35 94 622
35 97 787
35 104 125
35 106 327
35 107 880
35 110 149
35 111 232
35 115 963
35 117 216
35 118 30
35 120 936
35 121 868
35 123 7
35 125 22
35 127 689
35 131 127
35 135 409
35 139 878
35 144 946
35 151 984
35 156 899
35 157 982
35 161 813
35 164 955
35 167 708
35 170 28
35 176 257
35 178 581
35 179 929
35 197 281
35 198 825
35 199 989
36 1 818
36 2 165
36 5 423
36 8 233
36 9 286
36 10 127
36 16 40
36 18 630
36 20 886
36 23 617
36 24 739
36 27 878
36 31 181
36 32 796
36 38 688
36 39 685
36 40 409
36 42 300
36 52 814
36 55 409
36 56 337
36 57 636
36 58 383
36 62 941
36 69 715
36 70 288
36 71 120
36 74 340
36 79 308
36 81 511
36 85 433
36 90 81
36 94 885
36 97 718
36 100 299
36 106 796
36 109 919
36 111 799
36 113 317
36 115 878
36 118 895
36 125 406
36 127 222
36 128 462
36 131 273
36 135 729
36 141 627
36 143 284
36 144 821
36 147 371
36 149 771
36 152 195
36 154 361
36 155 66
36 159 974
36 160 852
36 163 848
36 164 810
36 165 789
36 174 265
36 175 928
36 177 729
36 178 996
36 179 926
36 180 470
36 182 460
36 183 457
36 189 178
36 193 303
36 195 881
36 197 974
36 198 604
37 2 643
37 3 918
37 5 64
37 7 559
37 8 292
37 10 713
37 12 957
37 15 317
37 16 158
37 33 194
37 34 93
37 39 561
37 40 725
37 42 846
37 47 416
37 48 447
37 49 684
37 50 696
37 53 372
37 54 420
37 55 345
37 56 350
37 62 707
37 63 996
37 65 342
37 78 575
37 79 260
37 80 985
37 88 863
37 90 73
37 92 532
37 93 474
37 97 564
37 99 717
37 104 348
37 106 669
37 113 466
37 114 475
37 120 231
37 122 554
37 139 252
37 146 725
37 150 820
37 153 582
37 157 191
37 158 401
37 163 710
37 171 148
37 173 674
37 175 397
37 177 124
37 181 706
37 183 685
37 185 459
37 193 318
37 194 146
37 196 175
38 2 36
38 3 11
38 4 755
38 6 546
38 11 612
38 13 696
38 17 293
38 20 251
38 23 67
38 24 100
38 25 235
38 26 500
38 27 996
38 31 214
38 32 104
38 35 363
38 36 688
38 41 205
38 43 398
38 48 78
38 50 997
38 54 424
38 59 816
38 66 79
38 67 174
38 70 369
38 74 300
38 76 51
38 80 234
38 83 665
38 87 720
38 89 838
38 93 83
38 95 858
38 98 150
38 100 687
38 101 787
38 103 609
38 104 430
38 108 379
38 111 891
38 112 710
38 118 380
38 125 323
38 132 828
38 136 977
38 145 255
38 153 129
38 155 788
38 160 942
38 161 864
38 162 621
38 165 528
38 171 411
38 173 832
38 174 865
38 175 963
38 176 746
38 180 592
38 183 202
38 185 5
38 186 812
38 188 140
39 2 888
39 4 704
39 7 790
39 9 481
39 10 822
39 12 436
39 18 666
39 21 212
39 22 523
39 23 828
39 26 155
39 32 339
39 35 975
39 36 685
39 37 561
39 40 676
39 41 779
39 45 232
39 47 712
39 51 382
39 52 546
39 54 885
39 60 82
39 61 725
39 62 824
39 67 92
39 69 169
39 70 416
39 71 573
39 76 222
39 79 411
39 82 510
39 85 520
39 87 169
39 88 550
39 90 447
39 92 377
39 98 314
39 106 722
39 111 800
39 117 92
39 118 705
39 121 983
39 122 921
39 127 967
39 130 127
39 131 225
39 132 663
39 133 541
39 135 482
39 137 340
39 138 397
39 140 822
39 149 645
39 153 145
39 156 705
39 157 904
39 160 170
39 161 472
39 162 744
39 163 45
39 167 122
39 169 504
39 172 196
39 175 593
39 177 242
39 182 480
39 184 354
39 188 930
39 192 90
39 193 137
39 194 450
39 198 466
40 3 542
40 10 933
40 13 689
40 14 116
40 15 213
40 23 808
40 25 469
40 36 409
40 37 725
40 39 676
40 44 876
40 47 580
40 48 165
40 54 284
40 56 795
40 58 815
40 66 578
40 67 455
40 70 534
40 71 555
40 77 935
40 79 951
40 81 735
40 89 280
40 97 368
40 103 400
40 106 818
40 114 759
40 117 667
40 120 560
40 121 589
40 125 183
40 131 679
40 138 579
40 139 838
40 141 37
40 143 715
40 146 761
40 147 807
40 148 545
40 149 90
40 156 763
40 158 443
40 159 313
40 161 883
40 166 800
40 171 534
40 179 520
40 182 751
40 185 712
40 188 153
40 191 278
40 194 881
40 195 697
40 196 350
41 2 149
41 3 758
41 7 467
41 8 236
41 10 502
41 11 88
41 19 102
41 20 835
41 21 860
41 29 971
41 38 205
41 39 779
41 44 229
41 48 532
41 57 71
41 72 875
41 75 398
41 76 430
41 79 924
41 95 974
41 102 950
41 105 518
41 111 855
41 113 752
41 114 43
41 115 607
41 117 870
41 120 866
41 121 570
41 130 518
41 136 241
41 142 717
41 145 808
41 146 608
41 147 732
41 150 133
41 151 346
41 155 270
41 159 624
41 160 302
41 161 528
41 165 687
41 166 81
41 168 753
41 169 403
41 173 297
41 176 47
41 177 402
41 185 473
41 186 954
42 5 648
42 7 565
42 9 661
42 17 552
42 25 793
42 26 475
42 27 311
42 28 202
42 29 767
42 35 184
42 36 300
42 37 846
42 43 883
42 46 78
42 48 180
42 53 509
42 57 861
42 64 987
42 67 463
42 68 367
42 72 491
42 73 198
42 84 250
42 88 617
42 90 964
42 91 326
42 94 874
42 95 478
42 97 878
42 102 216
42 103 542
42 107 449
42 108 820
42 110 866
42 111 106
42 113 873
42 114 100
42 115 613
42 119 629
42 126 676
42 127 764
42 133 273
42 136 633
42 137 854
42 142 917
42 143 533
42 144 244
42 145 887
42 156 671
42 157 425
42 162 112
42 166 815
42 171 170
42 173 207
42 177 801
42 179 313
42 184 215
42 185 60
42 186 968
42 188 358
42 189 634
42 191 377
42 192 992
42 197 658
42 198 803
43 3 33
43 9 136
43 15 133
43 16 573
43 18 111
43 25 671
43 31 101
43 32 968
43 38 398
43 42 883
43 45 473
43 49 74
43 53 866
43 59 309
43 64 719
43 67 241
43 76 518
43 85 263
43 86 136
43 87 157
43 88 839
43 91 218
43 93 500
43 97 647
43 99 957
43 102 392
43 103 898
43 108 168
43 111 310
43 114 766
43 115 559
43 117 284
43 118 96
43 121 590
43 123 257
43 130 121
43 138 963
43 145 665
43 150 286
43 157 910
43 159 662
43 161 256
43 162 926
43 163 6
43 165 55
43 167 994
43 170 354
43 175 264
43 178 218
43 180 860
43 181 620
43 185 461
43 186 881
43 187 238
43 192 624
43 194 416
44 4 10
44 5 658
44 6 635
44 9 65
44 10 168
44 15 717
44 19 772
44 20 67
44 26 713
44 34 922
44 40 876
44 41 229
44 55 124
44 65 456
44 66 283
44 67 550
44 70 766
44 72 724
44 79 532
44 82 809
44 86 902
44 100 971
44 103 312
44 107 684
44 113 695
44 119 529
44 120 383
44 126 956
44 128 188
44 130 675
44 132 858
44 137 543
44 138 191
44 146 822
44 156 835
44 159 885
44 160 142
44 167 584
44 177 703
44 181 582
44 183 285
44 186 196
44 188 576
45 3 354
45 4 757
45 5 923
45 8 323
45 15 370
45 19 546
45 20 942
45 24 942
45 26 315
45 28 99
45 33 969
45 39 232
45 43 473
45 46 227
45 49 745
45 54 320
45 57 125
45 59 721
45 60 296
45 63 849
45 64 54
45 66 161
45 67 949
45 68 783
45 69 801
45 71 70
45 75 989
45 76 324
45 78 177
45 83 873
45 89 512
45 91 649
45 99 497
45 102 593
45 113 670
45 120 488
45 122 574
45 125 758
45 127 301
45 128 561
45 135 881
45 136 725
45 139 192
45 141 248
45 142 803
45 144 538
45 148 107
45 150 282
45 151 467
45 165 554
45 173 666
45 174 975
45 182 231
45 190 300
45 192 730
45 195 335
45 196 147
45 197 902
46 2 492
46 4 1
46 5 306
46 12 60
46 13 247
46 16 402
46 22 88
46 23 390
46 30 611
46 33 128
46 34 990
46 42 78
46 45 227
46 51 981
46 59 708
46 62 438
46 64 629
46 66 665
46 71 207
46 73 820
46 75 931
46 76 928
46 82 841
46 84 918
46 91 439
46 97 651
46 98 813
46 99 281
46 101 751
46 106 655
46 107 606
46 109 464
46 111 585
46 126 307
46 128 640
46 129 393
46 136 649
46 139 447
46 140 875
46 143 264
46 145 303
46 152 300
46 157 124
46 158 129
46 162 815
46 163 931
46 166 64
46 171 546
46 172 35
46 173 889
46 183 880
46 184 283
46 188 549
46 193 214
46 199 349
47 3 399
47 7 568
47 13 481
47 14 162
47 15 75
47 16 350
47 19 431
47 21 98
47 22 445
47 25 569
47 26 862
47 27 340
47 30 968
47 37 416
47 39 712
47 40 580
47 52 402
47 55 447
47 63 581
47 69 673
47 80 864
47 88 605
47 91 761
47 93 788
47 100 330
47 101 568
47 102 639
47 104 513
47 109 893
47 112 320
47 113 740
47 114 349
47 119 825
47 121 661
47 122 553
47 123 852
47 126 22
47 130 556
47 132 8
47 138 733
47 140 553
47 141 850
47 143 91
47 145 932
47 147 587
47 148 9
47 149 231
47 151 735
47 154 892
47 156 50
47 162 574
47 165 355
47 172 75
47 175 341
47 178 666
47 179 92
47 184 56
47 186 765
47 190 653
47 196 47
47 198 347
48 9 89
48 21 727
48 22 531
48 23 32
48 24 376
48 25 65
48 27 783
48 28 234
48 30 710
48 31 259
48 32 25
48 34 811
48 37 447
48 38 78
48 40 165
48 41 532
48 42 180
48 49 926
48 51 545
48 53 639
48 55 553
48 56 534
48 57 262
48 66 679
48 69 427
48 71 589
48 75 493
48 76 893
48 78 832
48 80 107
48 82 349
48 83 48
48 84 972
48 85 897
48 87 159
48 88 203
48 91 94
48 97 459
48 99 84
48 105 881
48 107 394
48 112 259
48 114 409
48 117 173
48 124 278
48 125 847
48 126 604
48 127 133
48 129 371
48 131 98
48 133 260
48 134 888
48 143 786
48 146 457
48 147 724
48 149 871
48 155 417
48 156 681
48 158 803
48 160 606
48 164 584
48 165 315
48 166 280
48 168 450
48 169 752
48 171 883
48 172 767
48 174 325
48 176 666
48 180 306
48 181 971
48 182 464
48 188 525
48 190 405
48 191 129
48 193 479
48 194 135
48 197 893
49 2 743
49 3 572
49 7 936
49 10 589
49 15 706
49 30 968
49 32 435
49 35 419
49 37 684
49 43 74
49 45 745
49 48 926
49 57 974
49 59 477
49 61 835
49 66 315
49 70 816
49 75 178
49 79 56
49 80 283
49 83 625
49 94 919
49 95 705
49 96 66
49 97 809
49 99 966
49 102 732
49 103 390
49 105 366
49 107 385
49 109 156
49 111 654
49 112 613
49 113 215
49 119 560
49 133 804
49 137 234
49 141 772
49 142 192
49 156 126
49 162 611
49 163 627
49 164 729
49 165 669
49 169 837
49 173 134
49 174 757
49 180 341
49 182 294
49 197 268
50 2 593
50 4 287
50 6 972
50 11 241
50 15 569
50 16 132
50 18 444
50 19 463
50 20 538
50 21 836
50 26 575
50 33 641
50 34 309
50 37 696
50 38 997
50 54 274
50 56 167
50 62 872
50 65 16
50 66 288
50 72 242
50 73 472
50 77 703
50 79 634
50 80 133
50 89 518
50 93 483
50 101 148
50 106 368
50 108 939
50 112 868
50 117 312
50 119 66
50 124 560
50 125 346
50 127 714
50 128 785
50 133 634
50 144 316
50 145 742
50 148 13
50 149 243
50 158 796
50 159 73
50 163 552
50 175 350
50 178 777
50 180 650
50 181 15
50 185 809
50 186 30
50 187 99
50 190 1
50 193 513
50 199 811
51 4 560
51 6 282
51 7 226
51 11 466
51 17 411
51 19 431
51 23 371
51 28 218
51 29 134
51 33 161
51 39 382
51 46 981
51 48 545
51 58 613
51 60 154
51 72 636
51 77 551
51 81 901
51 84 535
51 86 550
51 87 689
51 90 86
51 92 760
51 93 108
51 108 459
51 111 499
51 112 16
51 113 366
51 120 369
51 125 187
51 126 591
51 132 109
51 135 298
51 139 588
51 140 557
51 141 233
51 145 302
51 147 323
51 148 865
51 149 258
51 150 773
51 152 843
51 153 938
51 159 521
51 161 748
51 166 921
51 175 82
51 176 558
51 181 810
51 186 689
51 187 476
51 193 551
51 195 777
52 4 406
52 7 313
52 15 181
52 17 571
52 23 11
52 29 566
52 30 717
52 35 412
52 36 814
52 39 546
52 47 402
52 59 232
52 60 806
52 70 884
52 71 188
52 73 545
52 75 885
52 77 772
52 82 373
52 83 303
52 86 604
52 88 374
52 92 291
52 94 668
52 100 130
52 103 850
52 105 991
52 113 459
52 115 291
52 123 350
52 127 571
52 134 628
52 136 998
52 139 265
52 142 125
52 143 548
52 145 965
52 146 359
52 147 22
52 152 447
52 157 663
52 158 932
52 163 255
52 165 259
52 166 810
52 169 74
52 171 838
52 173 504
52 175 804
52 180 767
52 181 939
52 186 298
52 187 401
52 189 862
52 194 7
53 4 554
53 8 708
53 14 509
53 17 480
53 23 150
53 27 920
53 28 827
53 33 165
53 37 372
53 42 509
53 43 866
53 48 639
53 54 545
53 56 243
53 64 854
53 67 195
53 72 682
53 75 209
53 76 45
53 79 152
53 81 367
53 90 775
53 96 14
53 102 389
53 103 532
53 112 397
53 113 985
53 115 943
53 119 207
53 121 103
53 126 353
53 128 114
53 132 947
53 135 268
53 137 658
53 142 263
53 143 788
53 144 197
53 145 22
53 151 452
53 154 729
53 155 311
53 160 428
53 162 323
53 166 85
53 173 812
53 176 95
53 186 250
53 189 40
53 194 909
53 198 749
53 199 756
54 2 463
54 6 837
54 10 146
54 14 538
54 23 480
54 25 351
54 27 69
54 29 956
54 31 837
54 37 420
54 38 424
54 39 885
54 40 284
54 45 320
54 50 274
54 53 545
54 57 901
54 60 334
54 63 173
54 64 350
54 66 187
54 68 732
54 69 6
54 76 881
54 77 183
54 78 213
54 81 6
54 86 19
54 96 177
54 97 846
54 99 888
54 100 412
54 103 77
54 108 233
54 112 64
54 113 411
54 114 526
54 115 3
54 124 935
54 130 931
54 132 351
54 138 12
54 142 865
54 144 655
54 151 502
54 156 93
54 158 584
54 159 577
54 162 907
54 164 153
54 168 213
54 181 450
54 182 551
54 187 550
54 189 326
54 191 612
54 192 53
54 193 491
54 196 829
54 199 165
55 4 370
55 7 241
55 9 615
55 21 445
55 23 47
55 24 122
55 29 496
55 36 409
55 37 345
55 44 124
55 47 447
55 48 553
55 61 477
55 62 656
55 66 608
55 67 39
55 71 445
55 72 91
55 76 723
55 77 561
55 79 249
55 82 254
55 84 680
55 86 644
55 88 898
55 90 739
55 91 524
55 92 99
55 93 708
55 96 173
55 98 404
55 99 190
55 102 868
55 103 490
55 104 654
55 107 341
55 114 890
55 121 469
55 123 938
55 127 274
55 128 229
55 129 792
55 131 567
55 132 126
55 135 588
55 136 542
55 140 831
55 145 245
55 149 131
55 156 206
55 158 176
55 159 609
55 162 223
55 164 387
55 167 798
55 168 768
55 171 471
55 172 374
55 179 445
55 183 38
55 185 463
55 186 706
55 188 603
55 191 800
55 196 484
55 197 972
56 1 952
56 4 966
56 12 258
56 13 731
56 14 845
56 15 374
56 16 861
56 19 526
56 24 688
56 25 500
56 30 192
56 31 655
56 33 625
56 36 337
56 37 350
56 40 795
56 48 534
56 50 167
56 53 243
56 57 270
56 59 211
56 60 99
56 64 367
56 66 443
56 67 740
56 71 973
56 76 518
56 77 863
56 78 284
56 83 175
56 85 437
56 86 411
56 87 666
56 90 624
56 92 267
56 94 69
56 102 391
56 103 831
56 105 942
56 107 601
56 110 464
56 111 745
56 113 547
56 115 96
56 122 372
56 123 145
56 127 687
56 133 618
56 135 440
56 136 375
56 142 57
56 150 408
56 159 561
56 167 226
56 170 146
56 182 846
56 184 965
56 185 857
56 187 57
56 190 846
56 193 393
56 195 679
57 7 664
57 13 419
57 17 808
57 19 838
57 22 783
57 24 892
57 32 143
57 33 357
57 35 427
57 36 636
57 41 71
57 42 861
57 45 125
57 48 262
57 49 974
57 54 901
57 56 270
57 61 247
57 62 123
57 63 155
57 66 413
57 68 562
57 70 171
57 72 309
57 74 172
57 75 100
57 84 770
57 88 38
57 92 138
57 95 760
57 97 708
57 99 186
57 103 538
57 108 384
57 110 635
57 116 558
57 122 133
57 126 105
57 127 278
57 132 439
57 134 637
57 138 282
57 139 502
57 141 402
57 143 607
57 144 22
57 146 255
57 147 543
57 149 713
57 150 703
57 151 117
57 156 827
57 160 788
57 161 870
57 163 806
57 168 470
57 176 595
57 178 314
57 179 770
57 184 289
57 187 384
57 188 867
57 190 714
57 192 662
58 3 315
58 7 72
58 15 810
58 18 269
58 20 874
58 22 122
58 23 747
58 28 240
58 30 910
58 31 749
58 34 527
58 36 383
58 40 815
58 51 613
58 59 973
58 60 173
58 62 452
58 64 240
58 66 673
58 73 610
58 81 832
58 82 667
58 83 218
58 84 611
58 94 433
58 96 734
58 97 800
58 100 409
58 101 98
58 102 979
58 104 254
58 109 892
58 112 512
58 115 314
58 119 530
58 121 412
58 127 171
58 130 689
58 133 392
58 135 43
58 138 409
58 139 942
58 140 52
58 141 216
58 148 500
58 151 95
58 164 381
58 165 103
58 167 419
58 168 842
58 169 376
58 172 914
58 173 97
58 178 132
58 182 681
58 183 752
58 187 283
58 191 212
58 194 743
58 199 137
59 6 262
59 12 689
59 14 30
59 19 459
59 22 761
59 23 479
59 26 915
59 31 984
59 33 21
59 35 661
59 38 816
59 43 309
59 45 721
59 46 708
59 49 477
59 52 232
59 56 211
59 58 973
59 60 306
59 61 508
59 62 946
59 63 768
59 67 857
59 68 715
59 71 704
59 75 960
59 76 114
59 83 141
59 87 489
59 88 892
59 89 497
59 92 52
59 93 708
59 97 223
59 99 652
59 102 223
59 105 846
59 107 956
59 109 391
59 111 270
59 117 625
59 118 299
59 119 747
59 120 39
59 126 269
59 127 922
59 132 626
59 133 850
59 134 108
59 136 22
59 137 183
59 140 833
59 142 422
59 146 669
59 152 670
59 153 727
59 155 387
59 161 701
59 162 73
59 164 619
59 166 153
59 175 200
59 176 161
59 178 709
59 180 485
59 182 901
59 187 238
59 192 21
59 196 59
60 8 882
60 10 833
60 14 506
60 17 313
60 18 551
60 26 158
60 28 70
60 32 668
60 35 180
60 39 82
60 45 296
60 51 154
60 52 806
60 54 334
60 56 99
60 58 173
60 59 306
60 68 364
60 70 79
60 71 626
60 72 261
60 76 770
60 77 876
60 78 730
60 81 222
60 83 865
60 84 686
60 86 75
60 89 724
60 90 158
60 92 189
60 97 725
60 98 883
60 101 884
60 105 337
60 111 925
60 115 786
60 117 88
60 119 643
60 126 625
60 138 223
60 139 960
60 141 829
60 155 927
60 159 466
60 160 184
60 164 908
60 169 662
60 171 356
60 172 48
60 174 55
60 178 240
60 182 103
60 184 82
60 186 764
60 187 365
60 190 809
60 192 147
60 196 679
60 197 571
61 1 747
61 5 478
61 6 906
61 10 76
61 11 632
61 13 160
61 16 995
61 17 40
61 19 118
61 20 1
61 23 134
61 29 245
61 30 569
61 32 23
61 39 725
61 49 835
61 55 477
61 57 247
61 59 508
61 63 599
61 65 654
61 66 426
61 71 333
61 74 22
61 79 601
61 87 449
61 88 434
61 93 993
61 101 344
61 106 364
61 109 857
61 111 538
61 114 424
61 115 920
61 119 398
61 122 504
61 146 449
61 148 322
61 155 680
61 160 320
61 162 506
61 169 261
61 175 902
61 176 424
61 177 442
61 178 971
61 191 78
61 198 349
61 199 240
62 9 30
62 18 482
62 20 777
62 21 592
62 27 417
62 32 290
62 33 253
62 34 89
62 36 941
62 37 707
62 39 824
62 46 438
62 50 872
62 55 656
62 57 123
62 58 452
62 59 946
62 79 644
62 82 543
62 88 269
62 91 524
62 92 460
62 97 523
62 98 350
62 102 684
62 105 546
62 108 64
62 113 233
62 114 503
62 115 580
62 116 758
62 121 364
62 130 185
62 135 676
62 136 692
62 142 176
62 144 555
62 145 638
62 146 694
62 147 807
62 149 709
62 153 451
62 154 200
62 155 508
62 157 614
62 159 326
62 162 38
62 165 13
62 168 703
62 170 996
62 173 664
62 176 496
62 177 585
62 180 19
62 182 449
62 185 452
62 186 767
62 188 217
62 190 544
62 191 152
62 194 16
62 198 592
63 7 502
63 8 262
63 9 346
63 10 185
63 11 282
63 13 434
63 15 462
63 16 438
63 18 178
63 19 854
63 24 833
63 31 750
63 32 692
63 34 740
63 35 443
63 37 996
63 45 849
63 47 581
63 54 173
63 57 155
63 59 768
63 61 599
63 67 827
63 71 104
63 72 870
63 76 174
63 77 173
63 83 449
63 85 999
63 89 657
63 93 490
63 99 294
63 103 837
63 104 888
63 106 674
63 107 335
63 112 182
63 118 264
63 120 881
63 124 769
63 126 536
63 133 32
63 134 679
63 144 364
63 145 434
63 147 379
63 149 101
63 153 215
63 155 602
63 158 428
63 159 735
63 162 646
63 168 97
63 173 79
63 174 440
63 179 415
63 182 213
63 190 714
63 191 517
63 193 297
63 195 474
64 1 544
64 4 371
64 10 954
64 15 398
64 18 451
64 19 134
64 20 92
64 22 120
64 42 987
64 43 719
64 45 54
64 46 629
64 53 854
64 54 350
64 56 367
64 58 240
64 70 376
64 71 785
64 74 331
64 77 532
64 78 393
64 79 181
64 80 710
64 81 785
64 85 964
64 88 175
64 89 960
64 92 114
64 93 549
64 101 308
64 103 266
64 106 706
64 111 159
64 112 906
64 115 824
64 116 276
64 121 539
64 122 596
64 129 146
64 135 399
64 137 453
64 141 159
64 143 38
64 147 186
64 151 242
64 154 441
64 156 991
64 157 411
64 158 95
64 161 515
64 165 682
64 171 583
64 176 325
64 186 10
64 196 273
65 10 829
65 16 37
65 17 130
65 18 474
65 27 156
65 29 641
65 35 755
65 37 342
65 44 456
65 50 16
65 61 654
65 68 320
65 69 53
65 70 299
65 72 362
65 73 451
65 77 197
65 78 528
65 80 790
65 81 406
65 83 378
65 85 9
65 88 729
65 89 309
65 90 338
65 94 581
65 95 20
65 96 530
65 98 986
65 102 538
65 105 994
65 108 132
65 112 307
65 113 518
65 115 619
65 118 64
65 128 490
65 134 199
