s 2 659
s 4 482
s 5 487
s 6 655
s 7 356
s 8 850
s 11 289
s 16 873
s 17 466
s 18 396
s 19 896
s 20 360
s 21 780
s 22 377
s 23 735
s 24 456
s 26 921
s 27 846
s 28 984
s 30 284
s 36 351
s 37 768
s 38 36
s 39 656
s 40 723
s 42 905
s 43 606
s 47 939
s 49 926
s 50 659
s 51 471
s 52 369
s 53 452
s 54 944
s 56 489
s 58 108
s 60 598
s 61 822
s 62 225
s 65 461
s 71 234
s 74 316
s 75 724
s 76 624
s 77 374
s 78 570
s 80 768
s 83 770
s 84 955
s 85 58
s 86 723
s 88 525
s 89 841
s 93 100
s 98 732
s 100 605
s 101 472
s 104 396
s 105 422
s 106 755
s 109 740
s 110 946
s 111 501
s 112 409
s 113 886
s 114 319
s 116 124
s 118 984
s 119 852
s 120 695
s 121 833
s 122 475
s 124 990
s 126 787
s 128 777
s 129 301
s 131 787
s 132 438
s 133 303
s 134 824
s 136 179
s 137 277
s 138 802
s 140 193
s 141 956
s 142 751
s 144 948
s 145 715
s 148 567
s 149 270
1 2 579
1 3 847
1 5 868
1 8 801
1 9 88
1 10 543
1 11 625
1 12 406
1 14 640
1 15 903
1 16 563
1 17 878
1 18 746
1 19 314
1 21 434
1 22 756
1 23 165
1 25 911
1 26 236
1 27 689
1 29 939
1 34 670
1 38 481
1 40 275
1 41 573
1 42 685
1 43 933
1 47 246
1 48 544
1 55 851
1 56 397
1 57 931
1 58 957
1 59 77
1 61 185
1 64 706
1 65 311
1 66 375
1 68 501
1 70 629
1 71 271
1 73 141
1 74 834
1 79 300
1 80 817
1 83 861
1 84 236
1 85 382
1 86 5
1 88 549
1 89 876
1 92 38
1 95 893
1 96 363
1 97 899
1 99 376
1 100 778
1 103 171
1 104 11
1 105 411
1 106 601
1 107 912
1 108 75
1 109 537
1 110 794
1 111 238
1 112 819
1 113 679
1 115 37
1 118 195
1 119 871
1 122 940
1 123 37
1 124 527
1 125 283
1 126 394
1 128 221
1 129 30
1 130 776
1 134 58
1 136 506
1 137 484
1 140 502
1 142 448
1 143 350
1 144 1000
1 145 483
1 148 779
1 149 969
2 1 579
2 3 580
2 4 630
2 6 898
2 9 221
2 10 622
2 11 671
2 12 611
2 15 233
2 17 359
2 18 853
2 19 379
2 20 389
2 23 782
2 24 837
2 26 637
2 29 909
2 30 875
2 33 273
2 35 614
2 37 931
2 38 576
2 41 389
2 44 976
2 45 1
2 46 994
2 47 727
2 49 791
2 50 700
2 51 662
2 52 523
2 54 316
2 55 980
2 56 873
2 59 398
2 61 510
2 62 186
2 65 276
2 68 191
2 69 607
2 70 362
2 71 479
2 72 662
2 73 499
2 74 325
2 79 798
2 80 471
2 82 547
2 83 862
2 84 767
2 86 940
2 87 92
2 89 853
2 90 868
2 92 811
2 93 864
2 94 460
2 96 277
2 97 751
2 98 938
2 99 240
2 100 370
2 101 180
2 103 621
2 104 158
2 105 314
2 106 353
2 107 171
2 108 585
2 109 125
2 111 947
2 112 304
2 113 358
2 114 325
2 115 17
2 118 198
2 121 103
2 122 239
2 123 30
2 125 749
2 126 382
2 127 755
2 128 366
2 130 399
2 131 193
2 132 929
2 136 309
2 138 360
2 139 620
2 141 486
2 143 80
2 144 709
2 145 630
3 1 847
3 2 580
3 4 926
3 5 563
3 6 672
3 7 359
3 11 59
3 12 35
3 13 667
3 14 883
3 15 304
3 16 781
3 17 834
3 18 960
3 19 505
3 21 968
3 22 462
3 23 669
3 27 41
3 28 268
3 29 396
3 30 529
3 32 127
3 33 955
3 34 921
3 35 67
3 37 842
3 39 708
3 40 591
3 41 665
3 43 668
3 46 763
3 48 665
3 49 806
3 50 116
3 51 425
3 52 790
3 53 43
3 55 457
3 56 286
3 59 482
3 60 356
3 61 360
3 63 737
3 64 205
3 65 307
3 66 982
3 68 691
3 69 324
3 71 976
3 72 709
3 75 21
3 78 280
3 79 74
3 80 511
3 82 959
3 84 114
3 87 574
3 88 134
3 89 354
3 91 540
3 92 681
3 93 298
3 94 488
3 95 476
3 96 8
3 97 524
3 99 118
3 104 812
3 105 920
3 106 596
3 108 792
3 109 199
3 110 15
3 112 291
3 114 687
3 115 360
3 116 227
3 119 705
3 121 517
3 122 18
3 123 758
3 125 20
3 127 862
3 129 652
3 130 995
3 131 36
3 132 121
3 133 381
3 134 517
3 135 319
3 138 889
3 140 675
3 141 716
3 143 855
3 144 656
3 149 632
4 2 630
4 3 926
4 5 126
4 6 157
4 7 618
4 10 113
4 12 837
4 13 782
4 15 448
4 16 29
4 17 890
4 18 622
4 20 93
4 21 654
4 23 203
4 25 885
4 29 786
4 30 102
4 33 395
4 35 529
4 36 989
4 37 337
4 38 175
4 39 398
4 40 715
4 41 879
4 42 458
4 44 646
4 46 93
4 47 14
4 48 100
4 51 921
4 52 912
4 53 511
4 54 291
4 55 669
4 58 956
4 59 235
4 61 774
4 62 333
4 64 657
4 67 943
4 68 22
4 69 159
4 70 202
4 71 353
4 72 292
4 75 20
4 76 541
4 79 80
4 80 925
4 81 464
4 83 406
4 84 688
4 85 653
4 86 457
4 87 879
4 89 715
4 90 665
4 91 848
4 92 766
4 94 818
4 97 631
4 101 339
4 102 107
4 105 385
4 106 918
4 110 199
4 114 803
4 115 626
4 116 923
4 119 566
4 120 109
4 122 95
4 123 825
4 124 569
4 125 678
4 126 790
4 129 968
4 130 958
4 131 819
4 132 389
4 133 289
4 135 12
4 136 371
4 139 874
4 140 914
4 142 109
4 144 515
4 146 1
4 149 528
5 1 868
5 3 563
5 4 126
5 6 719
5 7 774
5 8 702
5 9 509
5 10 449
5 11 753
5 12 602
5 14 824
5 16 793
5 17 997
5 19 154
5 20 611
5 23 636
5 24 855
5 25 992
5 27 686
5 29 331
5 30 618
5 32 737
5 33 364
5 34 509
5 37 308
5 38 463
5 39 691
5 40 758
5 41 489
5 44 567
5 48 612
5 49 657
5 50 672
5 51 266
5 52 933
5 53 151
5 54 799
5 56 924
5 58 718
5 59 462
5 62 786
5 63 808
5 70 611
5 71 688
5 72 345
5 74 936
5 76 515
5 77 98
5 78 352
5 80 234
5 82 438
5 83 397
5 85 325
5 87 525
5 88 726
5 89 411
5 91 600
5 92 450
5 93 832
5 94 312
5 95 353
5 97 227
5 98 235
5 101 414
5 102 262
5 104 499
5 105 794
5 106 22
5 107 773
5 108 330
5 110 878
5 111 171
5 114 798
5 117 166
5 119 773
5 121 514
5 122 490
5 124 652
5 125 889
5 133 84
5 135 647
5 136 527
5 139 171
5 140 329
5 141 7
5 143 998
5 144 194
5 145 929
5 147 66
5 149 814
6 2 898
6 3 672
6 4 157
6 5 719
6 9 775
6 10 314
6 13 192
6 15 223
6 16 916
6 17 747
6 22 411
6 24 847
6 26 880
6 28 364
6 29 395
6 30 304
6 32 971
6 34 622
6 36 811
6 37 801
6 38 361
6 39 261
6 40 59
6 41 48
6 42 584
6 43 375
6 44 903
6 47 817
6 49 570
6 50 11
6 53 512
6 57 184
6 58 800
6 60 876
6 61 700
6 62 971
6 63 846
6 64 294
6 65 985
6 68 161
6 69 228
6 71 146
6 73 268
6 74 487
6 78 135
6 80 615
6 83 411
6 85 885
6 88 591
6 89 709
6 92 736
6 93 720
6 94 715
6 96 34
6 99 558
6 101 276
6 102 22
6 103 673
6 104 349
6 105 578
6 107 620
6 110 229
6 111 876
6 112 284
6 116 849
6 117 865
6 118 51
6 119 20
6 120 926
6 122 885
6 123 591
6 125 20
6 126 125
6 128 773
6 129 831
6 131 966
6 133 772
6 134 521
6 135 37
6 136 564
6 137 781
6 138 112
6 140 946
6 141 308
6 145 82
6 148 65
6 149 55
7 3 359
7 4 618
7 5 774
7 9 248
7 10 890
7 11 659
7 12 618
7 14 666
7 16 357
7 17 242
7 18 153
7 20 150
7 22 27
7 23 873
7 24 334
7 25 91
7 26 770
7 27 424
7 28 74
7 30 294
7 31 530
7 33 473
7 34 826
7 35 712
7 37 253
7 42 487
7 43 76
7 44 726
7 45 423
7 46 752
7 47 753
7 48 142
7 50 444
7 53 151
7 54 922
7 55 429
7 56 274
7 57 302
7 58 51
7 59 600
7 61 938
7 63 241
7 64 64
7 65 347
7 66 682
7 67 700
7 68 229
7 69 275
7 71 337
7 72 322
7 73 840
7 75 60
7 81 912
7 84 66
7 85 926
7 87 646
7 89 371
7 90 443
7 91 345
7 95 158
7 97 872
7 101 589
7 104 197
7 105 667
7 107 455
7 108 324
7 109 591
7 110 194
7 112 438
7 113 448
7 115 912
7 116 465
7 119 664
7 120 758
7 121 621
7 122 102
7 125 447
7 127 884
7 130 164
7 131 509
7 133 238
7 134 944
7 135 237
7 136 489
7 137 790
7 138 692
7 140 950
7 141 650
7 142 310
7 143 368
7 144 692
7 147 496
7 148 383
7 149 57
8 1 801
8 5 702
8 9 642
8 10 413
8 13 712
8 16 435
8 17 315
8 20 57
8 22 970
8 23 313
8 25 60
8 26 978
8 27 74
8 29 772
8 31 55
8 34 147
8 35 180
8 36 597
8 37 824
8 39 178
8 43 548
8 44 10
8 49 206
8 50 940
8 51 779
8 52 494
8 53 213
8 55 329
8 56 180
8 57 711
8 58 305
8 59 627
8 60 289
8 61 794
8 62 831
8 63 451
8 64 742
8 65 793
8 67 82
8 68 290
8 71 493
8 72 447
8 73 179
8 74 909
8 75 45
8 78 876
8 80 64
8 82 293
8 83 279
8 85 697
8 87 36
8 88 618
8 91 785
8 92 675
8 93 40
8 95 206
8 97 343
8 98 272
8 99 321
8 101 942
8 102 78
8 106 663
8 107 461
8 108 302
8 109 862
8 110 252
8 111 114
8 113 104
8 114 545
8 115 654
8 116 962
8 117 133
8 118 596
8 119 365
8 121 238
8 122 311
8 127 437
8 128 186
8 129 945
8 130 505
8 131 694
8 133 562
8 134 389
8 136 930
8 137 335
8 138 566
8 139 80
8 140 200
8 141 243
8 144 646
8 145 343
8 146 897
8 147 830
9 1 88
9 2 221
9 5 509
9 6 775
9 7 248
9 8 642
9 10 728
9 15 563
9 17 384
9 20 265
9 21 643
9 22 793
9 23 76
9 24 748
9 28 369
9 30 469
9 31 817
9 32 423
9 33 100
9 34 516
9 38 99
9 39 169
9 40 121
9 41 286
9 42 323
9 43 321
9 44 542
9 45 456
9 47 607
9 48 19
9 50 431
9 51 691
9 52 511
9 53 319
9 54 533
9 57 47
9 58 74
9 61 732
9 63 997
9 64 968
9 65 555
9 67 460
9 69 813
9 70 666
9 72 18
9 75 68
9 78 933
9 79 936
9 80 787
9 81 547
9 82 984
9 83 859
9 84 217
9 87 487
9 88 272
9 89 296
9 92 262
9 93 491
9 97 285
9 99 831
9 102 10
9 103 217
9 106 400
9 107 541
9 108 120
9 109 739
9 111 1
9 115 710
9 116 619
9 117 267
9 119 362
9 123 891
9 124 236
9 126 220
9 127 508
9 131 735
9 132 297
9 135 343
9 140 132
9 141 610
9 143 119
9 144 804
9 146 291
9 147 976
9 148 626
9 149 930
10 1 543
10 2 622
10 4 113
10 5 449
10 6 314
10 7 890
10 8 413
10 9 728
10 12 71
10 14 965
10 15 672
10 17 111
10 18 846
10 19 236
10 20 344
10 21 717
10 22 642
10 23 485
10 25 811
10 26 959
10 28 137
10 30 901
10 32 146
10 33 143
10 36 605
10 37 374
10 38 975
10 41 720
10 44 730
10 45 294
10 50 586
10 51 32
10 54 964
10 56 279
10 57 631
10 59 450
10 62 385
10 63 640
10 66 848
10 68 25
10 69 956
10 71 192
10 73 883
10 76 215
10 77 932
10 78 153
10 79 47
10 80 3
10 81 828
10 83 45
10 84 667
10 85 577
10 86 58
10 88 918
10 90 40
10 91 719
10 93 297
10 95 561
10 96 1000
10 98 550
10 101 601
10 102 159
10 106 987
10 108 897
10 109 107
10 110 124
10 111 204
10 112 724
10 114 172
10 115 870
10 116 179
10 120 651
10 122 266
10 124 620
10 125 190
10 127 611
10 128 436
10 129 747
10 131 866
10 132 181
10 134 211
10 135 976
10 139 956
10 142 765
10 143 261
10 144 9
10 145 29
10 146 482
10 147 367
10 149 163
11 1 625
11 2 671
11 3 59
11 5 753
11 7 659
11 12 422
11 13 331
11 14 937
11 15 503
11 17 894
11 18 428
11 19 408
11 20 715
11 21 291
11 23 34
11 24 646
11 25 165
11 27 937
11 28 659
11 29 893
11 36 192
11 37 182
11 40 656
11 42 715
11 44 316
11 46 404
11 48 671
11 49 575
11 50 484
11 51 870
11 52 790
11 54 531
11 55 332
11 56 768
11 59 581
11 60 684
11 61 572
11 63 677
11 64 311
11 66 586
11 67 298
11 69 371
11 70 998
11 72 746
11 73 354
11 74 802
11 75 979
11 76 150
11 77 346
11 78 720
11 80 634
11 82 55
11 83 778
11 84 929
11 85 933
11 87 741
11 89 329
11 91 888
11 92 699
11 94 120
11 96 154
11 97 840
11 98 338
11 99 890
11 100 987
11 101 615
11 103 969
11 105 836
11 106 597
11 108 438
11 110 305
11 113 161
11 114 386
11 115 88
11 117 543
11 118 499
11 119 98
11 121 587
11 123 974
11 124 314
11 125 979
11 126 363
11 127 742
11 128 12
11 129 831
11 130 933
11 133 591
11 134 541
11 135 20
11 136 436
11 137 143
11 141 781
11 146 265
11 147 517
11 148 703
11 149 7
12 1 406
12 2 611
12 3 35
12 4 837
12 5 602
12 7 618
12 10 71
12 11 422
12 14 477
12 15 803
12 20 370
12 22 957
12 24 235
12 25 125
12 26 661
12 27 678
12 30 280
12 32 909
12 33 913
12 34 277
12 35 571
12 36 597
12 37 587
12 42 532
12 43 34
12 44 776
12 45 811
12 46 723
12 47 279
12 48 337
12 53 943
12 57 767
12 58 495
12 59 414
12 61 404
12 67 64
12 68 682
12 72 952
12 73 114
12 77 238
12 78 752
12 80 590
12 81 92
12 82 336
12 84 326
12 86 626
12 88 683
12 89 390
12 94 12
12 96 775
12 98 440
12 101 754
12 102 862
12 105 331
12 109 963
12 113 993
12 116 794
12 118 185
12 119 319
12 120 112
12 121 591
12 124 821
12 125 92
12 126 723
12 127 293
12 128 395
12 129 44
12 130 296
12 131 362
12 132 675
12 133 553
12 135 790
12 138 554
12 141 767
12 142 608
12 143 767
12 145 872
12 147 271
12 149 940
13 3 667
13 4 782
13 6 192
13 8 712
13 11 331
13 14 416
13 15 66
13 16 888
13 17 798
13 18 129
13 19 443
13 20 716
13 21 794
13 22 636
13 24 194
13 25 155
13 26 650
13 27 864
13 28 111
13 32 967
13 34 348
13 35 981
13 37 636
13 40 233
13 41 387
13 43 760
13 44 690
13 45 438
13 47 788
13 48 752
13 53 996
13 55 515
13 56 986
13 58 785
13 59 873
13 60 383
13 62 343
13 63 745
13 64 211
13 65 847
13 66 588
13 70 236
13 71 367
13 72 927
13 73 535
13 74 872
13 75 437
13 76 638
13 79 618
13 80 435
13 82 66
13 83 500
13 84 385
13 85 551
13 88 191
13 91 136
13 92 768
13 93 830
13 94 875
13 98 990
13 99 789
13 101 878
13 103 861
13 104 475
13 105 727
13 106 947
13 107 564
13 109 264
13 110 324
13 112 725
13 114 460
13 115 540
13 117 221
13 118 11
13 119 468
13 120 427
13 121 29
13 122 976
13 124 654
13 125 553
13 127 841
13 128 121
13 129 675
13 130 712
13 131 140
13 133 10
13 135 401
13 137 160
13 139 959
13 140 971
13 141 80
13 143 625
13 145 354
13 148 830
14 1 640
14 3 883
14 5 824
14 7 666
14 10 965
14 11 937
14 12 477
14 13 416
14 20 652
14 22 978
14 24 91
14 25 329
14 27 803
14 28 110
14 29 946
14 30 441
14 31 571
14 33 478
14 34 350
14 38 647
14 39 158
14 41 439
14 43 692
14 44 445
14 45 848
14 47 257
14 49 901
14 50 878
14 55 580
14 56 734
14 57 619
14 58 702
14 61 303
14 62 837
14 65 732
14 66 588
14 68 188
14 70 81
14 72 276
14 74 373
14 75 731
14 76 767
14 77 17
14 78 266
14 79 748
14 80 909
14 82 232
14 83 284
14 86 196
14 89 90
14 90 789
14 93 886
14 95 425
14 96 283
14 100 966
14 101 565
14 102 898
14 104 504
14 106 532
14 107 255
14 109 383
14 110 433
14 113 417
14 115 160
14 116 913
14 117 253
14 121 835
14 122 480
14 123 118
14 125 299
14 127 145
14 130 915
14 131 298
14 137 361
14 139 675
14 140 360
14 142 833
14 143 756
14 144 790
14 145 634
14 146 605
14 149 207
15 1 903
15 2 233
15 3 304
15 4 448
15 6 223
15 9 563
15 10 672
15 11 503
15 12 803
15 13 66
15 17 728
15 18 945
15 19 304
15 21 155
15 23 146
15 25 259
15 26 673
15 28 660
15 29 582
15 30 237
15 31 714
15 32 843
15 33 330
15 34 332
15 35 258
15 37 420
15 39 173
15 44 847
15 45 969
15 46 782
15 48 976
15 49 66
15 50 578
15 51 359
15 52 976
15 53 752
15 56 917
15 57 213
15 59 558
15 61 226
15 62 754
15 63 884
15 66 389
15 67 576
15 70 264
15 71 254
15 74 152
15 76 828
15 79 117
15 80 404
15 81 511
15 82 536
15 84 878
15 85 175
15 87 341
15 88 412
15 95 353
15 96 327
15 97 788
15 98 246
15 99 796
15 100 806
15 103 211
15 105 261
15 107 442
15 108 191
15 109 576
15 110 614
15 111 889
15 112 9
15 113 698
15 114 528
15 117 964
15 118 170
15 119 104
15 120 497
15 122 464
15 123 853
15 126 330
15 128 840
15 129 612
15 130 954
15 131 236
15 134 144
15 135 887
15 136 376
15 137 393
15 142 278
15 145 918
15 146 437
15 147 244
15 149 76
16 1 563
16 3 781
16 4 29
16 5 793
16 6 916
16 7 357
16 8 435
16 13 888
16 20 548
16 21 810
16 22 508
16 23 876
16 25 213
16 26 500
16 27 521
16 30 411
16 31 389
16 33 679
16 35 852
16 36 587
16 37 622
16 38 721
16 39 114
16 40 86
16 41 18
16 42 848
16 45 868
16 47 989
16 48 427
16 50 578
16 51 471
16 52 42
16 53 770
16 54 93
16 57 942
16 60 626
16 62 349
16 64 359
16 67 128
16 68 750
16 69 369
16 70 704
16 71 802
16 72 17
16 73 572
16 74 98
16 78 537
16 79 409
16 80 732
16 84 571
16 86 76
16 89 839
16 90 938
16 92 241
16 94 486
16 95 786
16 96 110
16 97 454
16 98 955
16 99 305
16 100 86
16 101 488
16 102 184
16 103 128
16 105 417
16 106 898
16 109 606
16 110 716
16 111 657
16 112 931
16 113 199
16 114 954
16 117 910
16 118 886
16 119 761
16 121 429
16 124 713
16 125 972
16 127 980
16 129 462
16 130 934
16 133 696
16 136 692
16 138 410
16 139 312
16 141 185
16 142 84
16 143 985
16 145 224
16 149 529
17 1 878
17 2 359
17 3 834
17 4 890
17 5 997
17 6 747
17 7 242
17 8 315
17 9 384
17 10 111
17 11 894
17 13 798
17 15 728
17 18 126
17 20 102
17 23 161
17 25 549
17 26 815
17 27 398
17 28 947
17 29 445
17 30 517
17 31 734
17 32 773
17 33 252
17 35 456
17 36 203
17 37 116
17 38 23
17 40 88
17 41 749
17 43 668
17 44 374
17 45 9
17 46 306
17 47 595
17 48 864
17 50 560
17 51 37
17 54 756
17 57 274
17 58 879
17 61 845
17 62 964
17 63 459
17 64 812
17 65 784
17 67 386
17 68 596
17 69 386
17 70 52
17 71 261
17 72 85
17 73 375
17 74 204
17 77 245
17 80 293
17 83 951
17 84 706
17 85 749
17 87 800
17 88 607
17 89 558
17 90 53
17 91 17
17 93 59
17 96 184
17 97 177
17 98 899
17 99 419
17 100 59
17 101 739
17 102 927
17 103 67
17 104 120
17 105 970
17 106 84
17 108 315
17 109 546
17 110 736
17 112 497
17 113 642
17 115 219
17 117 519
17 118 690
17 120 70
17 122 967
17 123 521
17 124 517
17 126 698
17 127 693
17 129 642
17 130 392
17 132 123
17 134 378
17 135 382
17 137 242
17 138 265
17 139 955
17 140 135
17 141 107
17 142 844
17 144 568
17 145 703
17 146 780
17 147 731
17 148 259
17 149 90
18 1 746
18 2 853
18 3 960
18 4 622
18 7 153
18 10 846
18 11 428
18 13 129
18 15 945
18 17 126
18 20 636
18 21 729
18 22 292
18 23 32
18 26 258
18 27 456
18 32 488
18 33 601
18 34 710
18 35 170
18 36 667
18 38 180
18 39 599
18 41 378
18 42 699
18 46 722
18 48 868
18 50 89
18 51 891
18 56 714
18 57 732
18 59 262
18 60 432
18 61 954
18 62 126
18 63 464
18 64 605
18 65 952
18 66 551
18 67 18
18 68 533
18 69 165
18 70 939
18 71 171
18 73 855
18 74 480
18 75 738
18 76 555
18 77 983
18 78 56
18 79 97
18 80 650
18 88 787
18 89 720
18 93 498
18 100 55
18 101 96
18 103 303
18 104 996
18 105 99
18 106 660
18 107 539
18 108 283
18 109 367
18 110 84
18 111 245
18 113 748
18 114 439
18 115 791
18 116 500
18 119 968
18 120 129
18 121 476
18 122 823
18 125 75
18 127 41
18 128 575
18 129 139
18 131 390
18 132 151
18 133 365
18 134 722
18 135 538
18 137 529
18 138 756
18 141 891
18 142 291
18 143 831
18 145 568
18 147 543
18 148 618
18 149 495
19 1 314
19 2 379
19 3 505
19 5 154
19 10 236
19 11 408
19 13 443
19 15 304
19 22 273
19 24 709
19 28 731
19 29 487
19 30 955
19 32 677
19 34 265
19 35 744
19 36 666
19 37 525
19 38 633
19 39 446
19 40 812
19 41 439
19 44 208
19 47 932
19 48 121
19 49 246
19 51 403
19 52 400
19 53 528
19 54 263
19 57 541
19 58 864
19 59 425
19 62 451
19 63 229
19 64 251
19 66 63
19 67 197
19 68 167
19 69 302
19 71 133
19 73 650
19 74 574
19 75 850
19 77 118
19 78 983
19 79 324
19 80 509
19 81 648
19 82 531
19 85 936
19 86 359
19 87 757
19 89 86
19 90 258
19 91 677
19 94 209
19 95 399
19 100 621
19 101 424
19 102 973
19 103 139
19 105 210
19 106 949
19 111 315
19 113 16
19 115 570
19 116 242
19 123 594
19 125 805
19 126 809
19 127 572
19 130 499
19 131 749
19 135 908
19 136 20
19 137 333
19 141 486
19 142 765
19 144 224
19 147 478
19 148 84
19 149 968
20 2 389
20 4 93
20 5 611
20 7 150
20 8 57
20 9 265
20 10 344
20 11 715
20 12 370
20 13 716
20 14 652
20 16 548
20 17 102
20 18 636
20 31 996
20 33 985
20 34 713
20 35 166
20 36 744
20 37 664
20 38 699
20 39 188
20 40 245
20 41 920
20 42 772
20 43 868
20 45 387
20 47 911
20 50 690
20 52 727
20 53 871
20 55 550
20 58 848
20 64 549
20 65 372
20 66 118
20 68 950
20 70 100
20 72 118
20 75 157
20 77 702
20 78 598
20 79 151
20 80 99
20 81 293
20 82 322
20 84 909
20 85 669
20 86 235
20 87 187
20 88 144
20 90 672
20 92 886
20 96 944
20 97 824
20 98 785
20 99 437
20 101 953
20 102 588
20 103 243
20 104 934
20 107 900
20 108 686
20 109 401
20 111 779
20 114 833
20 115 703
20 116 454
20 118 708
20 122 26
20 124 199
20 125 615
20 126 605
20 127 187
20 131 286
20 132 873
20 134 623
20 139 302
20 142 956
20 144 309
20 145 476
20 147 86
21 1 434
21 3 968
21 4 654
21 9 643
21 10 717
21 11 291
21 13 794
21 15 155
21 16 810
21 18 729
21 22 329
21 24 260
21 25 704
21 29 977
21 30 205
21 31 472
21 32 694
21 33 820
21 34 178
21 35 473
21 36 951
21 37 721
21 39 298
21 40 167
21 41 310
21 43 334
21 44 953
21 46 189
21 48 466
21 49 855
21 50 857
21 51 737
21 52 219
21 55 150
21 57 135
21 59 423
21 61 333
21 62 927
21 63 333
21 65 611
21 66 951
21 68 114
21 70 676
21 72 303
21 76 398
21 77 864
21 79 847
21 80 34
21 81 968
21 83 228
21 84 502
21 85 94
21 86 386
21 87 235
21 88 127
21 89 579
21 91 119
21 92 955
21 94 774
21 96 463
21 97 884
21 98 67
21 99 587
21 101 647
21 103 952
21 104 974
21 105 946
21 107 2
21 108 261
21 109 198
21 110 932
21 112 241
21 113 957
21 114 145
21 116 372
21 118 253
21 119 433
21 120 78
21 121 663
21 125 494
21 126 143
21 129 906
21 131 330
21 133 272
21 136 23
21 138 85
21 140 122
21 141 209
21 142 635
21 148 466
22 1 756
22 3 462
22 6 411
22 7 27
22 8 970
22 9 793
22 10 642
22 12 957
22 13 636
22 14 978
22 16 508
22 18 292
22 19 273
22 21 329
22 24 814
22 25 393
22 26 78
22 27 4
22 28 851
22 29 359
22 30 227
22 31 373
22 32 3
22 34 625
22 37 283
22 39 470
22 40 207
22 43 748
22 44 336
22 45 146
22 50 152
22 51 857
22 52 239
22 53 27
22 54 414
22 57 484
22 58 951
22 60 295
22 61 541
22 63 365
22 64 972
22 66 85
22 67 761
22 68 104
22 69 659
22 70 897
22 71 684
22 73 957
22 74 899
22 75 285
22 77 288
22 78 412
22 79 651
22 82 447
22 83 897
22 84 239
22 85 907
22 87 769
22 96 567
22 99 85
22 102 856
22 105 363
22 106 741
22 107 278
22 109 696
22 110 77
22 111 541
22 112 873
22 113 488
22 114 32
22 115 257
22 116 203
22 119 598
22 120 463
22 122 759
22 124 314
22 127 993
22 131 122
22 134 832
22 136 259
22 137 339
22 138 457
22 141 607
22 142 82
22 143 218
22 144 22
22 147 517
23 1 165
23 2 782
23 3 669
23 4 203
23 5 636
23 7 873
23 8 313
23 9 76
23 10 485
23 11 34
23 15 146
23 16 876
23 17 161
23 18 32
23 25 887
23 26 131
23 27 834
23 28 840
23 29 177
23 30 400
23 31 754
23 34 365
23 35 157
23 37 174
23 39 123
23 41 548
23 42 306
23 43 720
23 44 667
23 45 212
23 46 663
23 47 656
23 48 128
23 49 919
23 50 800
23 53 433
23 55 624
23 57 289
23 61 961
23 62 590
23 65 67
23 69 307
23 70 454
23 72 997
23 74 588
23 77 250
23 78 789
23 79 391
23 81 567
23 82 755
23 83 126
23 84 807
23 85 657
23 86 906
23 87 181
23 88 424
23 92 797
23 93 509
23 94 80
23 95 889
23 97 742
23 99 547
23 100 76
23 102 674
23 103 903
23 104 52
23 105 954
23 106 95
23 109 591
23 112 726
23 113 359
23 114 546
23 117 393
23 118 555
23 121 15
23 123 431
23 125 859
23 126 443
23 128 709
23 129 643
23 131 393
23 132 923
23 133 125
23 135 50
23 136 362
23 137 587
23 139 419
23 143 728
23 145 322
23 146 475
23 147 3
24 2 837
24 5 855
24 6 847
24 7 334
24 9 748
24 11 646
24 12 235
24 13 194
24 14 91
24 19 709
24 21 260
24 22 814
24 26 710
24 27 809
24 28 75
24 29 47
24 33 515
24 35 519
24 38 339
24 39 451
24 40 640
24 42 320
24 43 91
24 47 217
24 48 14
24 49 606
24 52 805
24 53 928
24 55 635
24 56 722
24 57 255
24 58 961
24 59 240
24 60 119
24 61 157
24 63 981
24 64 474
24 67 692
24 70 407
24 72 998
24 74 202
24 76 285
24 77 373
24 79 486
24 82 347
24 83 940
24 85 558
24 87 619
24 88 362
24 89 658
24 91 56
24 93 992
24 94 766
24 95 570
24 98 404
24 100 908
24 105 228
24 106 726
24 107 961
24 108 357
24 110 690
24 112 872
24 113 339
24 115 962
24 116 457
24 117 785
24 122 129
24 126 274
24 127 168
24 130 281
24 132 983
24 135 243
24 136 264
24 137 444
24 139 734
24 141 846
24 143 550
24 144 388
24 145 859
24 146 318
24 147 165
24 148 226
24 149 29
25 1 911
25 4 885
25 5 992
25 7 91
25 8 60
25 10 811
25 11 165
25 12 125
25 13 155
25 14 329
25 15 259
25 16 213
25 17 549
25 21 704
25 22 393
25 23 887
25 26 30
25 27 727
25 28 63
25 29 223
25 30 462
25 33 873
25 35 762
25 36 508
25 37 5
25 38 654
25 39 585
25 41 132
25 42 390
25 44 323
25 45 829
25 46 345
25 47 558
25 48 962
25 50 475
25 51 209
25 52 199
25 53 450
25 54 1
25 55 480
25 56 859
25 57 566
25 58 568
25 62 575
25 67 227
25 68 388
25 69 622
25 70 40
25 71 952
25 73 423
25 74 669
25 75 122
25 76 785
25 77 196
25 81 525
25 82 529
25 83 839
25 84 645
25 85 411
25 87 872
25 88 463
25 89 296
25 90 980
25 91 49
25 92 459
25 93 57
25 94 430
25 96 913
25 97 690
25 98 262
25 99 738
25 102 994
25 105 757
25 107 790
25 108 677
25 109 340
25 112 473
25 113 159
25 115 162
25 116 258
25 117 11
25 119 497
25 120 435
25 123 448
25 124 428
25 126 321
25 131 416
25 133 650
25 134 225
25 135 158
25 136 834
25 137 258
25 141 345
25 142 271
25 143 469
25 147 280
26 1 236
26 2 637
26 6 880
26 7 770
26 8 978
26 10 959
26 12 661
26 13 650
26 15 673
26 16 500
26 17 815
26 18 258
26 22 78
26 23 131
26 24 710
26 25 30
26 28 454
26 29 3
26 30 407
26 31 622
26 32 662
26 34 930
26 35 763
26 38 250
26 40 802
26 41 362
26 43 39
26 44 102
26 48 360
26 49 863
26 50 48
26 51 566
26 52 604
26 53 666
26 54 2
26 56 700
26 57 865
26 59 149
26 61 50
26 64 976
26 65 581
26 67 745
26 70 519
26 72 677
26 73 758
26 74 8
26 75 730
26 76 87
26 77 273
26 79 695
26 80 230
26 82 149
26 84 938
26 85 992
26 86 747
26 87 872
26 88 250
26 94 145
26 95 730
26 97 653
26 99 94
26 101 698
26 102 498
26 103 404
26 104 803
26 105 343
26 107 53
26 109 775
26 111 253
26 114 130
26 115 793
26 116 452
26 117 525
26 119 363
26 120 455
26 121 269
26 123 476
26 124 282
26 125 14
26 126 163
26 127 897
26 128 837
26 130 617
26 132 772
26 133 903
26 135 222
26 138 840
26 139 461
26 140 819
26 142 370
26 147 404
27 1 689
27 3 41
27 5 686
27 7 424
27 8 74
27 11 937
27 12 678
27 13 864
27 14 803
27 16 521
27 17 398
27 18 456
27 22 4
27 23 834
27 24 809
27 25 727
27 28 930
27 30 85
27 33 495
27 34 882
27 35 940
27 37 58
27 38 680
27 39 730
27 40 18
27 43 105
27 45 509
27 46 397
27 48 604
27 49 741
27 50 132
27 52 757
27 54 313
27 55 915
27 56 754
27 57 57
27 58 148
27 59 298
27 61 769
27 64 831
27 65 317
27 70 542
27 72 639
27 73 472
27 74 156
27 75 236
27 76 718
27 77 11
27 78 553
27 79 977
27 81 689
27 83 842
27 86 605
27 87 705
27 88 36
27 89 674
27 91 99
27 94 616
27 95 42
27 96 804
27 97 393
27 98 583
27 99 834
27 100 776
27 101 117
27 102 588
27 103 319
27 108 656
27 110 112
27 111 814
27 112 714
27 114 236
27 116 892
27 118 929
27 120 688
27 121 133
27 122 506
27 123 226
27 124 801
27 125 742
27 126 5
27 128 94
27 134 252
27 135 632
27 137 487
27 138 403
27 139 867
27 140 325
27 142 791
27 143 332
27 144 284
27 145 510
27 149 282
28 3 268
28 6 364
28 7 74
28 9 369
28 10 137
28 11 659
28 13 111
28 14 110
28 15 660
28 17 947
28 19 731
28 22 851
28 23 840
28 24 75
28 25 63
28 26 454
28 27 930
28 31 360
28 32 526
28 33 330
28 34 579
28 35 246
28 36 873
28 37 100
28 38 520
28 41 272
28 42 966
28 45 548
28 47 538
28 48 739
28 51 183
28 55 665
28 58 798
28 59 791
28 60 745
28 62 344
28 63 874
28 64 103
28 65 678
28 66 235
28 67 243
28 68 450
28 70 303
28 72 673
28 74 721
28 75 233
28 76 398
28 77 407
28 79 196
28 80 579
28 83 83
28 84 666
28 85 711
28 87 432
28 88 268
28 89 901
28 91 141
28 94 846
28 95 378
28 96 542
28 97 394
28 98 62
28 100 517
28 102 522
28 104 22
28 106 624
28 109 705
28 110 938
28 111 262
28 113 571
28 114 453
28 116 323
28 118 293
28 119 715
28 120 737
28 121 402
28 122 757
28 123 478
28 125 471
28 126 218
28 127 979
28 128 126
28 132 230
28 134 435
28 135 2
28 137 243
28 138 142
28 139 647
28 140 880
28 141 398
28 142 11
28 143 403
28 144 236
28 145 532
28 146 775
28 147 714
28 148 556
29 1 939
29 2 909
29 3 396
29 4 786
29 5 331
29 6 395
29 8 772
29 11 893
29 14 946
29 15 582
29 17 445
29 19 487
29 21 977
29 22 359
29 23 177
29 24 47
29 25 223
29 26 3
29 30 680
29 31 286
29 32 891
29 33 3
29 34 904
29 35 789
29 38 529
29 39 121
29 41 769
29 46 656
29 48 611
29 49 520
29 51 506
29 52 728
29 53 506
29 55 488
29 56 878
29 57 22
29 58 389
29 60 785
29 62 967
29 64 653
29 65 10
29 66 425
29 67 784
29 69 397
29 70 285
29 71 377
29 73 539
29 77 588
29 78 979
29 79 230
29 80 754
29 81 446
29 83 282
29 84 574
29 86 157
29 88 987
29 90 844
29 91 519
29 93 104
29 95 13
29 96 491
29 97 867
29 98 668
29 99 489
29 100 473
29 102 947
29 104 606
29 106 929
29 109 348
29 111 294
29 113 368
29 115 274
29 116 687
29 117 273
29 118 214
29 119 383
29 120 527
29 121 736
29 122 344
29 124 342
29 125 760
29 126 805
29 127 634
29 128 570
29 129 828
29 130 364
29 131 622
29 133 167
29 134 720
29 135 525
29 136 396
29 137 580
29 138 12
29 143 724
29 144 633
29 146 914
29 149 914
30 2 875
30 3 529
30 4 102
30 5 618
30 6 304
30 7 294
30 9 469
30 10 901
30 12 280
30 14 441
30 15 237
30 16 411
30 17 517
30 19 955
30 21 205
30 22 227
30 23 400
30 25 462
30 26 407
30 27 85
30 29 680
30 33 958
30 34 807
30 35 499
30 36 765
30 37 342
30 39 716
30 40 511
30 41 525
30 42 879
30 43 974
30 44 545
30 45 785
30 47 726
30 49 590
30 52 857
30 53 299
30 54 275
30 57 967
30 58 827
30 59 650
30 60 189
30 62 83
30 64 732
30 65 573
30 67 52
30 70 246
30 71 423
30 73 56
30 74 512
30 75 101
30 77 823
30 81 674
30 83 190
30 84 645
30 86 313
30 87 383
30 89 512
30 90 724
30 93 323
30 96 34
30 97 463
30 98 399
30 102 483
30 103 436
30 105 271
30 107 158
30 111 425
30 112 593
30 115 861
30 117 404
30 122 369
30 124 357
30 126 875
30 127 265
30 128 199
30 129 680
30 130 992
30 132 347
30 133 213
30 134 124
30 135 494
30 136 815
30 137 367
30 138 831
30 140 924
30 143 270
30 144 774
30 145 118
30 146 337
30 148 645
30 149 19
31 7 530
31 8 55
31 9 817
31 14 571
31 15 714
31 16 389
31 17 734
31 20 996
31 21 472
31 22 373
31 23 754
31 26 622
31 28 360
31 29 286
31 32 697
31 35 416
31 36 334
31 37 936
31 38 110
31 39 642
31 40 785
31 44 798
31 45 865
31 46 166
31 47 36
31 49 248
31 51 59
31 52 613
31 53 612
31 54 403
31 55 284
31 57 188
31 60 701
31 62 961
31 63 267
31 65 288
31 66 974
31 67 968
31 68 985
31 70 367
31 72 151
31 74 23
31 75 544
31 76 453
31 79 455
31 82 185
31 83 887
31 87 28
31 88 2
31 89 521
31 90 578
31 91 502
31 93 896
31 94 845
31 95 906
31 96 929
31 97 36
31 99 346
31 101 19
31 102 350
31 105 653
31 106 99
31 107 952
31 108 275
31 110 491
31 112 161
31 114 676
31 115 976
31 116 160
31 119 574
31 120 704
31 124 117
31 125 17
31 126 76
31 127 498
31 128 546
31 129 67
31 130 74
31 132 988
31 134 350
31 135 307
31 140 530
31 141 822
31 142 332
31 143 41
31 144 355
31 145 814
31 149 765
32 3 127
32 5 737
32 6 971
32 9 423
32 10 146
32 12 909
32 13 967
32 15 843
32 17 773
32 18 488
32 19 677
32 21 694
32 22 3
32 26 662
32 28 526
32 29 891
32 31 697
32 34 460
32 37 661
32 38 236
32 42 656
32 43 969
32 46 756
32 50 921
32 51 339
32 53 539
32 54 160
32 56 774
32 57 727
32 58 687
32 59 997
32 61 44
32 62 622
32 64 35
32 65 20
32 71 419
32 73 295
32 74 575
32 75 683
32 80 593
32 81 264
32 84 292
32 85 969
32 87 236
32 88 427
32 89 767
32 90 473
32 93 16
32 94 867
32 95 556
32 96 582
32 97 353
32 98 751
32 99 512
32 101 461
32 102 983
32 104 243
32 105 378
32 106 861
32 107 947
32 110 856
32 113 858
32 115 818
32 116 969
32 117 34
32 119 688
32 123 417
32 125 13
32 127 854
32 128 555
32 130 419
32 135 760
32 136 870
32 137 753
32 138 924
32 139 373
32 145 69
32 146 332
32 149 602
33 2 273
33 3 955
33 4 395
33 5 364
33 7 473
33 9 100
33 10 143
33 12 913
33 14 478
33 15 330
33 16 679
33 17 252
33 18 601
33 20 985
33 21 820
33 24 515
33 25 873
33 27 495
33 28 330
33 29 3
33 30 958
33 34 136
33 36 2
33 38 969
33 39 524
33 40 896
33 41 806
33 42 743
33 43 422
33 44 166
33 45 101
33 46 476
33 47 286
33 48 147
33 50 383
33 51 922
33 52 880
33 55 501
33 56 734
33 57 841
33 59 380
33 60 11
33 62 709
33 63 711
33 64 244
33 65 222
33 66 623
33 67 873
33 68 284
33 69 109
33 72 651
33 74 445
33 75 729
33 76 826
33 79 879
33 80 698
33 81 487
33 82 489
33 83 771
33 84 716
33 87 775
33 90 831
33 91 499
33 92 998
33 95 302
33 96 665
33 97 761
33 98 517
33 100 411
33 101 886
33 102 696
33 103 557
33 105 318
33 106 332
33 108 835
33 113 29
33 114 964
33 115 537
33 116 551
33 117 30
33 120 711
33 125 973
33 126 412
33 127 816
33 129 375
33 131 641
33 132 243
33 135 556
33 136 708
33 137 108
33 138 630
33 139 630
33 141 212
33 142 677
33 143 896
33 144 846
33 146 733
33 147 877
33 148 444
33 149 757
34 1 670
34 3 921
34 5 509
34 6 622
34 7 826
34 8 147
34 9 516
34 12 277
34 13 348
34 14 350
34 15 332
34 18 710
34 19 265
34 20 713
34 21 178
34 22 625
34 23 365
34 26 930
34 27 882
34 28 579
34 29 904
34 30 807
34 32 460
34 33 136
34 35 779
34 36 738
34 37 654
34 39 38
34 40 729
34 42 100
34 43 225
34 45 568
34 46 541
34 47 159
34 48 141
34 50 720
34 51 814
34 52 751
34 53 138
34 54 375
34 57 423
34 58 655
34 59 905
34 62 198
34 63 983
34 67 16
34 68 602
34 69 828
34 70 781
34 73 138
34 75 54
34 76 253
34 78 415
34 79 347
34 81 731
34 82 34
34 83 458
34 87 673
34 88 951
34 92 950
34 93 433
34 95 462
34 97 782
34 98 150
34 102 508
34 103 285
34 106 948
34 107 469
34 108 761
34 109 735
34 110 31
34 112 490
34 113 492
34 114 962
34 117 277
34 118 986
34 119 801
34 121 937
34 122 93
34 126 773
34 128 402
34 129 466
34 131 177
34 132 86
34 134 169
34 135 547
34 136 363
34 137 394
34 139 123
34 141 532
34 142 707
34 143 765
34 145 501
34 146 668
34 147 467
34 148 665
34 149 706
35 2 614
35 3 67
35 4 529
35 7 712
35 8 180
35 12 571
35 13 981
35 15 258
35 16 852
35 17 456
35 18 170
35 19 744
35 20 166
35 21 473
35 23 157
35 24 519
35 25 762
35 26 763
35 27 940
35 28 246
35 29 789
35 30 499
35 31 416
35 34 779
35 36 354
35 37 260
35 38 313
35 39 634
35 40 577
35 41 323
35 42 112
35 43 757
35 44 902
35 45 556
35 46 662
35 47 682
35 48 831
35 49 655
35 53 310
35 55 870
35 57 499
35 58 77
35 62 510
35 63 955
35 66 501
35 69 553
35 71 9
35 72 15
35 74 477
35 75 194
35 77 170
35 79 599
35 80 878
35 81 994
35 83 826
35 84 143
35 85 740
35 88 248
35 89 411
35 90 942
35 93 340
35 96 422
35 98 881
35 99 439
35 102 527
35 103 993
35 104 44
35 105 819
35 108 353
35 109 471
35 112 104
35 113 895
35 116 104
35 118 848
35 119 207
35 122 982
35 124 284
35 125 820
35 126 689
35 128 686
35 131 447
35 132 805
35 133 434
35 136 77
35 138 282
35 140 842
35 141 668
35 142 886
35 146 896
35 149 871
36 4 989
36 6 811
36 8 597
36 10 605
36 11 192
36 12 597
36 16 587
36 17 203
36 18 667
36 19 666
36 20 744
36 21 951
36 25 508
36 28 873
36 30 765
36 31 334
36 33 2
36 34 738
36 35 354
36 39 533
36 40 766
36 41 105
36 43 390
36 44 920
36 45 889
36 47 783
36 49 25
36 50 393
36 51 495
36 53 871
36 56 878
36 58 838
36 59 705
36 60 495
36 61 120
36 62 928
36 65 819
36 66 571
36 68 435
36 69 408
36 70 503
36 71 691
36 72 154
36 74 428
36 75 847
36 76 362
36 77 626
36 79 47
36 80 820
36 82 959
36 85 95
36 86 708
36 87 182
36 88 337
36 89 908
36 91 298
36 92 659
36 93 662
36 97 405
36 98 345
36 99 824
36 100 978
36 107 588
36 108 849
36 109 386
36 112 823
36 113 866
36 116 366
36 117 226
36 118 362
36 119 351
36 120 372
36 121 195
36 122 762
36 123 48
36 124 564
36 125 860
36 126 394
36 127 440
36 128 646
36 129 769
36 131 514
36 132 880
36 133 146
36 134 85
36 135 538
36 137 214
36 138 411
36 139 216
36 140 238
36 141 306
36 145 603
36 149 43
37 2 931
37 3 842
37 4 337
37 5 308
37 6 801
37 7 253
37 8 824
37 10 374
37 11 182
37 12 587
37 13 636
37 15 420
37 16 622
37 17 116
37 19 525
37 20 664
37 21 721
37 22 283
37 23 174
37 25 5
37 27 58
37 28 100
37 30 342
37 31 936
37 32 661
37 34 654
37 35 260
37 39 371
37 42 735
37 43 23
37 44 767
37 46 587
37 47 378
37 49 356
37 52 831
37 53 802
37 55 275
37 56 365
37 57 182
37 58 713
37 59 527
37 60 439
37 61 313
37 62 909
37 63 737
37 64 804
37 67 890
37 71 766
37 72 389
37 73 927
37 74 262
37 75 315
37 76 935
37 80 356
37 81 856
37 82 294
37 83 54
37 84 181
37 85 415
37 87 357
37 88 828
37 90 131
37 91 278
37 95 40
37 100 20
37 101 178
37 104 531
37 106 244
37 107 417
37 108 600
37 109 298
37 110 41
37 111 45
37 112 245
37 115 39
37 117 549
37 120 930
37 122 949
37 125 447
37 127 649
37 132 215
37 133 335
37 136 738
37 137 153
37 138 371
37 139 413
37 142 454
37 143 846
37 144 913
37 145 231
37 146 6
38 1 481
38 2 576
38 4 175
38 5 463
38 6 361
38 9 99
38 10 975
38 14 647
38 16 721
38 17 23
38 18 180
38 19 633
38 20 699
38 24 339
38 25 654
38 26 250
38 27 680
38 28 520
38 29 529
38 31 110
38 32 236
38 33 969
38 35 313
38 39 747
38 41 554
38 42 201
38 44 978
38 45 589
38 46 974
38 48 592
38 50 127
38 51 182
38 52 350
38 53 682
38 54 323
38 55 157
38 56 960
38 57 717
38 58 941
38 60 810
38 62 582
38 64 880
38 66 442
38 69 156
38 72 264
38 73 74
38 75 144
38 76 583
38 77 131
38 78 347
38 80 473
38 82 800
38 83 336
38 84 243
38 88 6
38 90 119
38 94 949
38 95 774
38 96 565
38 97 485
38 98 351
38 99 906
38 100 202
38 104 533
38 105 732
38 106 449
38 108 275
38 110 682
38 111 261
38 113 957
38 115 998
38 116 389
38 117 945
38 119 834
38 120 103
38 122 706
38 123 653
38 126 560
38 132 645
38 134 185
38 135 305
38 137 421
38 139 172
38 140 147
38 141 528
38 144 88
38 145 198
38 146 636
38 147 926
38 149 613
39 3 708
39 4 398
39 5 691
39 6 261
39 8 178
39 9 169
39 14 158
39 15 173
39 16 114
39 18 599
39 19 446
39 20 188
39 21 298
39 22 470
39 23 123
39 24 451
39 25 585
39 27 730
39 29 121
39 30 716
39 31 642
39 33 524
39 34 38
39 35 634
39 36 533
39 37 371
39 38 747
39 40 247
39 41 637
39 42 552
39 44 594
39 47 773
39 49 985
39 50 251
39 51 280
39 53 386
39 54 107
39 56 374
39 57 874
39 59 24
39 61 450
39 62 850
39 64 964
39 67 819
39 68 309
39 69 642
39 71 465
39 72 237
39 73 277
39 74 35
39 77 642
39 78 619
39 79 26
39 80 473
39 81 286
39 82 148
39 83 120
39 84 51
39 85 979
39 87 662
39 89 795
39 90 771
39 92 607
39 94 461
39 95 267
39 96 864
39 97 198
39 98 399
39 99 144
39 101 880
39 102 627
39 103 890
39 105 399
39 106 501
39 108 785
39 110 3
39 111 484
39 112 759
39 113 398
39 116 633
39 117 638
39 119 422
39 120 773
39 121 863
39 122 956
39 123 88
39 124 951
39 126 479
39 129 508
39 133 714
39 134 246
39 137 598
39 138 514
39 139 61
39 140 968
39 141 967
39 144 33
39 145 101
39 146 782
39 148 29
39 149 481
40 1 275
40 3 591
40 4 715
40 5 758
40 6 59
40 9 121
40 11 656
40 13 233
40 16 86
40 17 88
40 19 812
40 20 245
40 21 167
40 22 207
40 24 640
40 26 802
40 27 18
40 30 511
40 31 785
40 33 896
40 34 729
40 35 577
40 36 766
40 39 247
40 43 184
40 45 258
40 46 956
40 47 971
40 49 972
40 51 864
40 52 923
40 54 233
40 55 300
40 57 786
40 61 14
40 62 842
40 63 301
40 64 270
40 66 336
40 67 418
40 70 564
40 73 649
40 74 609
40 77 337
40 78 978
40 81 617
40 82 719
40 83 421
40 84 527
40 85 788
40 87 535
40 89 10
40 90 421
40 93 141
40 95 738
40 97 867
40 99 863
40 101 16
40 102 275
40 103 167
40 105 278
40 106 412
40 107 863
40 108 240
40 109 244
40 112 784
40 113 769
40 115 295
40 116 515
40 118 280
40 121 690
40 123 886
40 127 77
40 128 20
40 132 279
40 133 44
40 134 708
40 135 613
40 136 731
40 137 158
40 138 637
40 139 428
40 140 722
40 141 457
40 142 472
40 143 360
40 146 79
40 147 235
40 148 244
41 1 573
41 2 389
41 3 665
41 4 879
41 5 489
41 6 48
41 9 286
41 10 720
41 13 387
41 14 439
41 16 18
41 17 749
41 18 378
41 19 439
41 20 920
41 21 310
41 23 548
41 25 132
41 26 362
41 28 272
41 29 769
41 30 525
41 33 806
41 35 323
41 36 105
41 38 554
41 39 637
41 42 560
41 43 16
41 45 511
41 48 107
41 50 149
41 52 425
41 53 359
41 54 122
41 55 204
41 58 363
41 59 25
41 61 645
41 62 312
41 63 953
41 64 76
41 65 938
41 66 943
41 67 256
41 68 509
41 69 764
41 70 378
41 71 133
41 72 477
41 73 994
41 75 639
41 76 999
41 77 396
41 78 438
41 79 734
41 82 765
41 83 739
41 85 771
41 87 44
41 89 97
41 91 888
41 92 4
41 94 74
41 96 457
41 97 877
41 99 535
41 100 595
41 101 479
41 105 416
41 109 197
41 110 92
41 111 425
41 112 878
41 113 21
41 114 314
41 115 101
41 117 585
41 118 295
41 119 584
41 120 956
41 121 665
41 122 251
41 123 917
41 124 477
41 125 149
41 126 638
41 127 350
41 128 494
41 130 849
41 131 762
41 132 481
41 133 789
41 134 857
41 135 401
41 137 247
41 138 549
41 139 566
41 142 975
41 143 248
41 144 940
41 145 46
41 148 478
42 1 685
42 4 458
42 6 584
42 7 487
42 9 323
42 11 715
42 12 532
42 16 848
42 18 699
42 20 772
42 23 306
42 24 320
42 25 390
42 28 966
42 30 879
42 32 656
42 33 743
42 34 100
42 35 112
42 37 735
42 38 201
42 39 552
42 41 560
42 43 67
42 45 104
42 46 133
42 47 275
42 49 144
42 51 400
42 54 461
42 56 283
42 57 27
42 58 298
42 60 100
42 61 716
42 62 469
42 63 52
42 66 269
42 69 920
42 73 468
42 75 153
42 76 938
42 78 289
42 80 841
42 82 14
42 84 501
42 85 750
42 87 679
42 88 584
42 90 139
42 92 284
42 93 535
42 94 837
42 96 501
42 100 941
42 101 765
42 102 429
42 103 5
42 105 844
42 108 281
42 110 745
42 113 33
42 114 73
42 116 514
42 117 761
42 119 356
42 120 540
42 124 6
42 126 994
42 127 173
42 130 23
42 132 235
42 134 115
42 135 981
42 137 898
42 140 515
42 142 73
42 143 791
42 144 573
42 145 542
42 146 497
42 147 605
42 149 572
43 1 933
43 3 668
43 6 375
43 7 76
43 8 548
43 9 321
43 12 34
43 13 760
43 14 692
43 17 668
43 20 868
43 21 334
43 22 748
43 23 720
43 24 91
43 26 39
43 27 105
43 30 974
43 32 969
43 33 422
43 34 225
43 35 757
43 36 390
43 37 23
43 40 184
43 41 16
43 42 67
43 47 122
43 48 846
43 49 879
43 51 639
43 52 433
43 53 559
43 54 772
43 56 338
43 57 557
43 60 432
43 64 798
43 66 269
43 67 673
43 70 253
43 73 200
43 74 633
43 75 82
43 78 49
43 80 329
43 82 855
43 83 356
43 84 631
43 85 997
43 86 45
43 87 939
43 88 50
43 89 553
43 90 780
43 92 360
43 94 171
43 95 152
43 96 289
43 97 68
43 99 142
43 100 857
43 103 221
43 107 696
43 108 784
43 109 331
43 110 498
43 111 951
43 112 511
43 113 221
43 114 622
43 115 538
43 117 898
43 123 816
43 125 697
43 126 565
43 127 304
43 128 360
43 130 888
43 132 856
43 133 682
43 134 946
43 135 623
43 136 498
43 138 891
43 140 881
43 141 140
43 142 787
43 144 917
43 146 814
43 147 668
44 2 976
44 4 646
44 5 567
44 6 903
44 7 726
44 8 10
44 9 542
44 10 730
44 11 316
44 12 776
44 13 690
44 14 445
44 15 847
44 17 374
