s 1 710
s 2 662
s 6 247
s 8 345
s 10 785
s 12 261
s 14 55
s 16 590
s 17 165
s 18 78
s 22 780
s 24 654
s 26 182
s 27 517
s 30 165
s 31 600
s 32 764
s 33 124
s 34 596
s 36 228
s 37 859
s 38 521
s 39 481
s 40 652
s 42 61
s 43 987
s 44 495
s 45 145
s 47 20
1 3 84
1 6 76
1 7 137
1 8 343
1 9 762
1 10 653
1 12 766
1 17 961
1 18 992
1 19 882
1 22 282
1 23 952
1 24 1000
1 26 940
1 28 646
1 29 95
1 31 580
1 32 657
1 34 89
1 37 789
1 38 412
1 40 409
1 43 62
1 44 355
1 46 737
1 48 753
1 49 737
2 3 531
2 4 186
2 7 623
2 8 911
2 9 694
2 10 393
2 12 523
2 16 308
2 17 606
2 18 826
2 20 614
2 21 582
2 22 567
2 24 424
2 26 552
2 27 578
2 28 627
2 29 877
2 30 130
2 33 345
2 34 854
2 36 166
2 37 37
2 38 938
2 39 563
2 40 250
2 42 26
2 44 556
2 45 319
2 46 837
2 48 90
3 1 84
3 2 531
3 5 719
3 6 73
3 9 928
3 12 471
3 13 808
3 14 544
3 15 607
3 16 438
3 17 437
3 20 998
3 21 725
3 23 658
3 24 92
3 27 429
3 28 8
3 29 905
3 31 720
3 33 864
3 36 419
3 38 734
3 40 685
3 45 214
3 46 871
3 47 772
3 48 629
4 2 186
4 5 122
4 6 241
4 7 892
4 8 170
4 12 391
4 13 484
4 14 862
4 16 718
4 17 178
4 19 291
4 20 544
4 21 293
4 23 290
4 26 710
4 28 721
4 29 594
4 31 225
4 32 719
4 33 588
4 34 234
4 37 822
4 38 520
4 39 309
4 40 433
4 41 512
4 42 546
4 43 813
4 44 224
4 45 444
4 46 714
4 47 364
4 48 416
4 49 601
5 3 719
5 4 122
5 6 72
5 7 807
5 8 344
5 9 617
5 11 597
5 12 957
5 14 846
5 15 198
5 20 216
5 22 499
5 23 758
5 24 361
5 25 684
5 26 898
5 30 61
5 31 100
5 32 745
5 33 271
5 34 749
5 35 891
5 36 253
5 38 735
5 39 239
5 41 643
5 43 857
5 44 722
5 46 818
5 47 320
5 48 55
6 1 76
6 3 73
6 4 241
6 5 72
6 7 148
6 8 952
6 9 317
6 10 443
6 12 826
6 13 399
6 14 34
6 15 586
6 17 591
6 18 516
6 20 722
6 21 644
6 22 570
6 23 140
6 24 101
6 27 207
6 28 551
6 29 224
6 30 982
6 32 960
6 33 42
6 34 849
6 35 196
6 36 210
6 37 215
6 38 310
6 39 472
6 40 297
6 41 273
6 43 866
6 44 911
6 45 791
6 48 244
6 49 88
7 1 137
7 2 623
7 4 892
7 5 807
7 6 148
7 8 977
7 9 159
7 10 322
7 12 569
7 13 98
7 14 710
7 18 435
7 22 424
7 23 32
7 24 521
7 25 697
7 28 953
7 29 118
7 30 556
7 31 441
7 34 818
7 35 133
7 36 555
7 37 174
7 38 222
7 40 246
7 42 873
7 43 452
7 44 169
7 46 923
7 47 724
7 48 823
7 49 478
8 1 343
8 2 911
8 4 170
8 5 344
8 6 952
8 7 977
8 9 774
8 12 320
8 16 453
8 17 66
8 18 784
8 19 397
8 22 561
8 23 493
8 25 959
8 27 30
8 28 465
8 29 174
8 30 166
8 31 422
8 35 60
8 36 845
8 38 254
8 39 659
8 41 893
8 43 581
8 44 124
8 47 443
8 48 108
8 49 783
9 1 762
9 2 694
9 3 928
9 5 617
9 6 317
9 7 159
9 8 774
9 10 255
9 11 344
9 13 501
9 15 846
9 16 545
9 17 938
9 18 907
9 21 672
9 22 461
9 23 6
9 24 136
9 25 652
9 27 487
9 30 751
9 31 649
9 32 389
9 33 948
9 34 507
9 38 202
9 39 732
9 40 210
9 41 764
9 43 229
9 44 327
9 46 519
9 47 49
10 1 653
10 2 393
10 6 443
10 7 322
10 9 255
10 12 597
10 15 735
10 16 546
10 17 429
10 19 312
10 20 671
10 21 190
10 23 825
10 25 955
10 27 684
10 28 280
10 29 169
10 30 971
10 31 403
10 35 123
10 36 128
10 37 586
10 39 557
10 40 59
10 41 274
10 44 809
10 45 338
10 46 875
10 47 691
10 48 565
10 49 799
11 5 597
11 9 344
11 12 66
11 13 515
11 15 437
11 16 719
11 18 21
11 22 269
11 23 106
11 26 387
11 30 157
11 31 506
11 32 49
11 33 835
11 35 443
11 37 915
11 38 720
11 39 567
11 40 148
11 41 475
11 42 947
11 44 351
11 45 132
11 46 185
11 47 948
11 48 808
12 1 766
12 2 523
12 3 471
12 4 391
12 5 957
12 6 826
12 7 569
12 8 320
12 10 597
12 11 66
12 14 946
12 15 120
12 16 747
12 21 681
12 22 646
12 24 267
12 25 560
12 27 495
12 28 237
12 31 558
12 32 930
12 33 614
12 35 783
12 36 76
12 37 65
12 38 73
12 40 857
12 42 358
12 45 20
12 46 946
12 47 598
12 48 160
12 49 770
13 3 808
13 4 484
13 6 399
13 7 98
13 9 501
13 11 515
13 14 942
13 16 325
13 17 720
13 18 239
13 20 189
13 22 115
13 23 283
13 24 343
13 30 744
13 34 42
13 36 693
13 39 393
13 43 368
13 44 698
13 48 337
14 3 544
14 4 862
14 5 846
14 6 34
14 7 710
14 12 946
14 13 942
14 15 484
14 16 728
14 18 736
14 19 708
14 21 260
14 26 367
14 27 676
14 30 740
14 31 151
14 32 135
14 34 820
14 35 108
14 37 777
14 40 458
14 42 955
14 46 67
14 47 687
14 48 678
15 3 607
15 5 198
15 6 586
15 9 846
15 10 735
15 11 437
15 12 120
15 14 484
15 16 301
15 19 529
15 20 929
15 21 996
15 22 798
15 23 516
15 24 43
15 25 515
15 28 56
15 29 638
15 32 887
15 34 318
15 36 469
15 39 66
15 42 679
15 43 267
15 44 319
15 45 957
15 48 528
16 2 308
16 3 438
16 4 718
16 8 453
16 9 545
16 10 546
16 11 719
16 12 747
16 13 325
16 14 728
16 15 301
16 18 313
16 20 364
16 21 951
16 22 716
16 25 107
16 26 894
16 28 745
16 30 283
16 31 219
16 32 352
16 39 17
16 40 963
16 41 650
16 42 755
16 43 605
16 45 301
16 46 951
16 48 567
16 49 814
17 1 961
17 2 606
17 3 437
17 4 178
17 6 591
17 8 66
17 9 938
17 10 429
17 13 720
17 18 314
17 19 517
17 20 432
17 21 922
17 22 222
17 24 199
17 25 270
17 26 519
17 27 676
17 28 621
17 29 800
17 30 83
17 31 507
17 32 56
17 34 111
17 36 258
17 37 846
17 39 813
17 42 721
17 43 823
17 44 19
17 45 862
17 47 416
17 49 896
18 1 992
18 2 826
18 6 516
18 7 435
18 8 784
18 9 907
18 11 21
18 13 239
18 14 736
18 16 313
18 17 314
18 19 429
18 20 523
18 21 772
18 22 26
18 23 189
18 25 381
18 26 787
18 27 127
18 29 766
18 34 253
18 35 572
18 37 81
18 38 47
18 39 229
18 40 474
18 41 515
18 42 693
18 45 602
18 46 791
18 48 837
18 49 201
19 1 882
19 4 291
19 8 397
19 10 312
19 14 708
19 15 529
19 17 517
19 18 429
19 23 204
19 25 952
19 26 110
19 27 733
19 28 686
19 30 878
19 31 224
19 32 180
19 34 382
19 35 412
19 36 128
19 38 551
19 39 455
19 40 244
19 42 669
19 43 868
19 44 637
19 46 374
19 47 668
19 49 329
20 2 614
20 3 998
20 4 544
20 5 216
20 6 722
20 10 671
20 13 189
20 15 929
20 16 364
20 17 432
20 18 523
20 21 249
20 24 416
20 26 28
20 29 284
20 30 148
20 31 532
20 33 56
20 35 230
20 37 674
20 39 359
20 40 735
20 41 83
20 43 848
20 44 210
20 45 520
21 2 582
21 3 725
21 4 293
21 6 644
21 9 672
21 10 190
21 12 681
21 14 260
21 15 996
21 16 951
21 17 922
21 18 772
21 20 249
21 22 212
21 25 702
21 28 871
21 29 372
21 30 944
21 31 918
21 32 122
21 33 821
21 34 637
21 35 447
21 38 335
21 39 587
21 44 837
21 45 3
21 46 723
21 47 24
21 48 85
22 1 282
22 2 567
22 5 499
22 6 570
22 7 424
22 8 561
22 9 461
22 11 269
22 12 646
22 13 115
22 15 798
22 16 716
22 17 222
22 18 26
22 21 212
22 23 636
22 25 187
22 26 770
22 28 920
22 29 600
22 30 841
22 32 13
22 35 187
22 36 6
22 38 294
22 39 788
22 42 403
22 43 99
22 44 14
22 45 381
22 49 169
23 1 952
23 3 658
23 4 290
23 5 758
23 6 140
23 7 32
23 8 493
23 9 6
23 10 825
23 11 106
23 13 283
23 15 516
23 18 189
23 19 204
23 22 636
23 24 188
23 25 498
23 26 1000
23 27 81
23 28 682
23 32 613
23 34 661
23 35 105
23 36 535
23 37 438
23 39 355
23 40 63
23 41 187
23 42 991
23 43 213
23 44 273
23 46 970
23 48 692
24 1 1000
24 2 424
24 3 92
24 5 361
24 6 101
24 7 521
24 9 136
24 12 267
24 13 343
24 15 43
24 17 199
24 20 416
24 23 188
24 26 372
24 27 165
24 33 220
24 34 880
24 36 452
24 38 153
24 39 133
24 43 674
24 46 337
24 47 720
24 48 730
25 5 684
25 7 697
25 8 959
25 9 652
25 10 955
25 12 560
25 15 515
25 16 107
25 17 270
25 18 381
25 19 952
25 21 702
25 22 187
25 23 498
25 26 302
25 33 866
25 34 295
25 36 873
25 37 147
25 38 961
25 41 992
25 42 863
25 44 423
25 45 285
25 47 95
25 49 32
26 1 940
26 2 552
26 4 710
26 5 898
26 11 387
26 14 367
26 16 894
26 17 519
26 18 787
26 19 110
26 20 28
26 22 770
26 23 1000
26 24 372
26 25 302
26 27 627
26 28 823
26 29 537
26 30 874
26 33 765
26 34 383
26 35 305
26 36 561
26 37 409
26 40 1000
26 42 194
26 43 504
26 46 878
26 47 542
26 48 578
26 49 347
27 2 578
27 3 429
27 6 207
27 8 30
27 9 487
27 10 684
27 12 495
27 14 676
27 17 676
27 18 127
27 19 733
27 23 81
27 24 165
27 26 627
27 29 283
27 34 470
27 35 796
27 39 19
27 41 447
27 42 454
27 45 874
27 46 846
27 48 741
27 49 902
28 1 646
28 2 627
28 3 8
28 4 721
28 6 551
28 7 953
28 8 465
28 10 280
28 12 237
28 15 56
28 16 745
28 17 621
28 19 686
28 21 871
28 22 920
28 23 682
28 26 823
28 29 772
28 30 919
28 31 849
28 35 636
28 37 613
28 39 862
28 42 46
28 45 567
28 46 626
28 47 111
28 48 314
29 1 95
29 2 877
29 3 905
29 4 594
29 6 224
29 7 118
29 8 174
29 10 169
29 15 638
29 17 800
29 18 766
29 20 284
29 21 372
29 22 600
29 26 537
29 27 283
29 28 772
29 31 416
29 32 688
29 33 371
29 35 239
29 42 648
29 45 261
29 47 98
29 48 405
30 2 130
30 5 61
30 6 982
30 7 556
30 8 166
30 9 751
30 10 971
30 11 157
30 13 744
30 14 740
30 16 283
30 17 83
30 19 878
30 20 148
30 21 944
30 22 841
30 26 874
30 28 919
30 31 886
30 32 713
30 33 30
30 34 620
30 35 451
30 36 223
30 37 283
30 38 397
30 39 419
30 41 129
30 43 154
30 44 491
30 45 693
30 47 887
30 49 207
31 1 580
31 3 720
31 4 225
31 5 100
31 7 441
31 8 422
31 9 649
31 10 403
31 11 506
31 12 558
31 14 151
31 16 219
31 17 507
31 19 224
31 20 532
31 21 918
31 28 849
31 29 416
31 30 886
31 32 44
31 33 328
31 35 92
31 37 854
31 43 470
31 44 324
31 46 612
31 48 976
31 49 839
32 1 657
32 4 719
32 5 745
32 6 960
32 9 389
32 11 49
32 12 930
32 14 135
32 15 887
32 16 352
32 17 56
32 19 180
32 21 122
32 22 13
32 23 613
32 29 688
32 30 713
32 31 44
32 35 421
32 36 996
32 41 619
32 43 460
32 46 51
32 48 12
33 2 345
33 3 864
33 4 588
33 5 271
33 6 42
33 9 948
33 11 835
33 12 614
33 20 56
33 21 821
33 24 220
33 25 866
33 26 765
33 29 371
33 30 30
33 31 328
33 38 343
33 39 737
33 40 487
33 41 187
33 42 978
33 43 457
33 45 442
33 47 689
33 49 204
34 1 89
34 2 854
34 4 234
34 5 749
34 6 849
34 7 818
34 9 507
34 13 42
34 14 820
34 15 318
34 17 111
34 18 253
34 19 382
34 21 637
34 23 661
34 24 880
34 25 295
34 26 383
34 27 470
34 30 620
34 36 882
34 38 611
34 42 820
34 45 900
34 46 883
34 47 333
34 49 119
35 5 891
35 6 196
35 7 133
35 8 60
35 10 123
35 11 443
35 12 783
35 14 108
35 18 572
35 19 412
35 20 230
35 21 447
35 22 187
35 23 105
35 26 305
35 27 796
35 28 636
35 29 239
35 30 451
35 31 92
35 32 421
35 39 281
35 41 584
35 42 625
35 43 763
35 44 135
35 45 651
35 49 799
36 2 166
36 3 419
36 5 253
36 6 210
36 7 555
36 8 845
36 10 128
36 12 76
36 13 693
36 15 469
36 17 258
36 19 128
36 22 6
36 23 535
36 24 452
36 25 873
36 26 561
36 30 223
36 32 996
36 34 882
36 37 106
36 38 746
36 40 769
36 41 337
36 42 96
36 43 797
36 44 93
36 45 442
36 46 444
36 48 712
36 49 47
37 1 789
37 2 37
37 4 822
37 6 215
37 7 174
37 10 586
37 11 915
37 12 65
37 14 777
37 17 846
37 18 81
37 20 674
37 23 438
37 25 147
37 26 409
37 28 613
37 30 283
37 31 854
37 36 106
37 41 594
37 42 324
37 44 618
37 45 930
37 46 326
37 47 732
37 48 161
37 49 525
38 1 412
38 2 938
38 3 734
38 4 520
38 5 735
38 6 310
38 7 222
38 8 254
38 9 202
38 11 720
38 12 73
38 18 47
38 19 551
38 21 335
38 22 294
38 24 153
38 25 961
38 30 397
38 33 343
38 34 611
38 36 746
38 39 374
38 42 983
38 44 666
38 45 32
39 2 563
39 4 309
39 5 239
39 6 472
39 8 659
39 9 732
39 10 557
39 11 567
39 13 393
39 15 66
39 16 17
39 17 813
39 18 229
39 19 455
39 20 359
39 21 587
39 22 788
39 23 355
39 24 133
39 27 19
39 28 862
39 30 419
39 33 737
39 35 281
39 38 374
39 42 5
39 44 622
39 45 858
39 46 331
39 47 451
39 48 364
39 49 186
40 1 409
40 2 250
40 3 685
40 4 433
40 6 297
40 7 246
40 9 210
40 10 59
40 11 148
40 12 857
40 14 458
40 16 963
40 18 474
40 19 244
40 20 735
40 23 63
40 26 1000
40 33 487
40 36 769
40 45 952
40 47 511
40 48 8
41 4 512
41 5 643
41 6 273
41 8 893
41 9 764
41 10 274
41 11 475
41 16 650
41 18 515
41 20 83
41 23 187
41 25 992
41 27 447
41 30 129
41 32 619
41 33 187
41 35 584
41 36 337
41 37 594
41 42 101
41 44 476
41 45 696
41 49 812
42 2 26
42 4 546
42 7 873
42 11 947
42 12 358
42 14 955
42 15 679
42 16 755
42 17 721
42 18 693
42 19 669
42 22 403
42 23 991
42 25 863
42 26 194
42 27 454
42 28 46
42 29 648
42 33 978
42 34 820
42 35 625
42 36 96
42 37 324
42 38 983
42 39 5
42 41 101
42 44 865
42 47 922
43 1 62
43 4 813
43 5 857
43 6 866
43 7 452
43 8 581
43 9 229
43 13 368
43 15 267
43 16 605
43 17 823
43 19 868
43 20 848
43 22 99
43 23 213
43 24 674
43 26 504
43 30 154
43 31 470
43 32 460
43 33 457
43 35 763
43 36 797
43 44 837
43 46 875
43 47 30
44 1 355
44 2 556
44 4 224
44 5 722
44 6 911
44 7 169
44 8 124
44 9 327
44 10 809
44 11 351
44 13 698
44 15 319
44 17 19
44 19 637
44 20 210
44 21 837
44 22 14
44 23 273
44 25 423
44 30 491
44 31 324
44 35 135
44 36 93
44 37 618
44 38 666
44 39 622
44 41 476
44 42 865
44 43 837
44 45 724
44 47 135
44 48 991
44 49 690
45 2 319
45 3 214
45 4 444
45 6 791
45 10 338
45 11 132
45 12 20
45 15 957
45 16 301
45 17 862
45 18 602
45 20 520
45 21 3
45 22 381
45 25 285
45 27 874
45 28 567
45 29 261
45 30 693
45 33 442
45 34 900
45 35 651
45 36 442
45 37 930
45 38 32
45 39 858
45 40 952
45 41 696
45 44 724
45 46 997
45 48 803
45 49 535
46 1 737
46 2 837
46 3 871
46 4 714
46 5 818
46 7 923
46 9 519
46 10 875
46 11 185
46 12 946
46 14 67
46 16 951
46 18 791
46 19 374
46 21 723
46 23 970
46 24 337
46 26 878
46 27 846
46 28 626
46 31 612
46 32 51
46 34 883
46 36 444
46 37 326
46 39 331
46 43 875
46 45 997
46 49 623
47 3 772
47 4 364
47 5 320
47 7 724
47 8 443
47 9 49
47 10 691
47 11 948
47 12 598
47 14 687
47 17 416
47 19 668
47 21 24
47 24 720
47 25 95
47 26 542
47 28 111
47 29 98
47 30 887
47 33 689
47 34 333
47 37 732
47 39 451
47 40 511
47 42 922
47 43 30
47 44 135
48 1 753
48 2 90
48 3 629
48 4 416
48 5 55
48 6 244
48 7 823
48 8 108
48 10 565
48 11 808
48 12 160
48 13 337
48 14 678
48 15 528
48 16 567
48 18 837
48 21 85
48 23 692
48 24 730
48 26 578
48 27 741
48 28 314
48 29 405
48 31 976
48 32 12
48 36 712
48 37 161
48 39 364
48 40 8
48 44 991
48 45 803
48 49 109
1 t 737
4 t 601
6 t 88
7 t 478
8 t 783
10 t 799
12 t 770
16 t 814
17 t 896
18 t 201
19 t 329
22 t 169
25 t 32
26 t 347
27 t 902
30 t 207
31 t 839
33 t 204
34 t 119
35 t 799
36 t 47
37 t 525
39 t 186
41 t 812
44 t 690
45 t 535
46 t 623
48 t 109
