s 1 568
s 2 626
s 4 200
s 5 440
s 7 212
s 8 266
s 10 244
s 13 448
s 17 43
s 21 913
s 22 372
s 24 134
s 31 189
s 33 589
s 36 31
s 37 971
s 38 129
s 40 270
s 41 82
s 42 990
s 43 867
s 45 203
s 46 679
s 47 828
s 49 892
s 51 821
s 52 860
s 55 682
s 59 285
s 61 960
s 62 405
s 65 116
s 66 719
s 68 282
s 69 79
s 70 73
s 72 687
1 3 841
1 4 986
1 5 678
1 9 41
1 12 602
1 14 115
1 15 645
1 16 271
1 19 928
1 20 773
1 21 725
1 23 809
1 24 135
1 25 830
1 26 246
1 28 865
1 30 385
1 31 906
1 32 840
1 33 720
1 34 972
1 35 976
1 36 575
1 37 309
1 38 917
1 40 116
1 41 522
1 42 210
1 43 867
1 44 968
1 45 837
1 47 124
1 48 694
1 50 320
1 52 539
1 53 384
1 54 561
1 61 839
1 62 945
1 63 322
1 66 682
1 67 895
1 68 974
1 71 635
1 72 594
1 73 373
1 74 805
2 3 235
2 5 682
2 6 693
2 12 533
2 16 44
2 18 547
2 19 953
2 20 726
2 21 963
2 22 574
2 24 222
2 25 222
2 28 764
2 29 387
2 30 349
2 31 206
2 32 143
2 34 105
2 36 875
2 37 468
2 38 662
2 39 626
2 40 475
2 43 185
2 44 560
2 45 778
2 46 960
2 48 63
2 50 255
2 51 142
2 53 407
2 54 756
2 55 288
2 56 131
2 59 394
2 60 29
2 61 73
2 62 182
2 64 256
2 65 131
2 67 466
2 68 512
2 71 338
2 73 175
3 1 841
3 2 235
3 5 423
3 6 466
3 8 872
3 9 294
3 11 706
3 12 977
3 13 56
3 14 702
3 15 367
3 16 39
3 17 421
3 18 963
3 19 309
3 22 904
3 23 517
3 24 983
3 25 751
3 27 905
3 28 425
3 31 549
3 33 592
3 34 546
3 35 749
3 37 191
3 38 868
3 39 406
3 40 494
3 41 47
3 42 672
3 43 890
3 44 696
3 45 674
3 47 635
3 51 416
3 52 477
3 53 525
3 54 250
3 56 228
3 58 618
3 59 116
3 62 383
3 63 562
3 64 136
3 65 83
3 66 485
3 69 835
3 70 860
3 71 577
3 72 280
3 74 662
4 1 986
4 5 106
4 7 305
4 8 732
4 9 395
4 10 409
4 11 539
4 12 309
4 13 205
4 19 907
4 20 486
4 21 202
4 22 808
4 23 452
4 24 893
4 25 638
4 26 246
4 27 926
4 28 635
4 29 888
4 31 904
4 34 19
4 35 195
4 39 554
4 40 300
4 43 136
4 44 752
4 45 775
4 48 355
4 49 259
4 51 839
4 52 459
4 53 950
4 55 559
4 57 789
4 58 466
4 59 397
4 61 898
4 62 511
4 63 978
4 64 342
4 66 417
4 69 683
4 71 672
4 72 414
4 73 554
4 74 952
5 1 678
5 2 682
5 3 423
5 4 106
5 6 722
5 7 845
5 8 554
5 11 729
5 12 497
5 13 931
5 15 383
5 16 388
5 17 505
5 20 179
5 22 596
5 24 847
5 26 340
5 27 111
5 28 448
5 30 643
5 33 283
5 34 823
5 35 287
5 38 863
5 39 303
5 40 75
5 41 486
5 42 285
5 43 787
5 44 896
5 46 370
5 48 625
5 49 743
5 50 919
5 51 819
5 52 100
5 53 41
5 54 151
5 56 428
5 57 668
5 59 823
5 62 980
5 64 301
5 65 75
5 66 941
5 67 387
5 70 25
5 71 243
5 72 780
5 73 877
6 2 693
6 3 466
6 5 722
6 8 286
6 12 880
6 14 413
6 16 339
6 17 179
6 19 373
6 21 409
6 23 776
6 24 644
6 28 994
6 29 997
6 30 771
6 32 697
6 33 410
6 34 974
6 37 564
6 38 700
6 40 333
6 41 484
6 42 488
6 43 82
6 45 177
6 47 838
6 48 173
6 49 125
6 50 1
6 51 528
6 53 711
6 54 789
6 55 968
6 56 921
6 57 605
6 58 878
6 60 872
6 63 188
6 65 642
6 66 256
6 69 359
6 71 113
6 73 537
7 4 305
7 5 845
7 10 508
7 11 774
7 13 398
7 16 391
7 18 531
7 19 209
7 21 574
7 23 111
7 25 370
7 27 542
7 28 481
7 29 747
7 30 800
7 32 797
7 34 585
7 35 965
7 37 896
7 40 200
7 44 445
7 45 282
7 46 653
7 47 923
7 48 844
7 49 120
7 50 953
7 51 409
7 54 688
7 56 161
7 58 540
7 59 185
7 60 497
7 62 870
7 66 759
7 67 962
7 68 908
7 69 501
7 71 780
7 73 826
8 3 872
8 4 732
8 5 554
8 6 286
8 9 526
8 10 297
8 12 787
8 14 790
8 15 101
8 16 988
8 17 762
8 18 649
8 20 900
8 21 564
8 23 147
8 24 449
8 25 190
8 29 604
8 31 285
8 33 520
8 34 602
8 36 652
8 37 193
8 38 255
8 42 519
8 43 722
8 46 806
8 47 97
8 52 892
8 54 952
8 56 508
8 58 985
8 59 446
8 60 287
8 61 455
8 62 301
8 63 666
8 64 310
8 68 657
8 71 736
8 74 346
9 1 41
9 3 294
9 4 395
9 8 526
9 10 918
9 13 130
9 15 740
9 16 926
9 18 553
9 20 76
9 24 4
9 25 578
9 27 105
9 28 819
9 29 234
9 30 445
9 31 951
9 32 582
9 34 789
9 36 451
9 38 343
9 39 85
9 40 326
9 41 325
9 43 19
9 45 62
9 46 680
9 47 784
9 49 40
9 50 585
9 51 576
9 52 942
9 54 576
9 55 39
9 62 713
9 63 436
9 64 172
9 67 351
9 69 889
9 70 48
9 71 600
9 73 949
9 74 522
10 4 409
10 7 508
10 8 297
10 9 918
10 11 710
10 12 187
10 15 754
10 17 849
10 19 156
10 21 11
10 23 679
10 24 329
10 25 280
10 27 717
10 29 909
10 30 355
10 34 421
10 37 403
10 38 671
10 39 681
10 40 797
10 42 330
10 43 1
10 46 172
10 47 45
10 51 789
10 54 664
10 57 477
10 58 166
10 59 127
10 60 621
10 63 632
10 65 676
10 66 680
10 68 890
10 69 4
10 70 593
10 71 754
10 73 837
11 3 706
11 4 539
11 5 729
11 7 774
11 10 710
11 12 158
11 13 945
11 15 672
11 16 415
11 19 368
11 22 282
11 24 438
11 26 849
11 27 46
11 28 718
11 30 485
11 31 341
11 32 968
11 33 287
11 34 85
11 35 789
11 36 669
11 38 56
11 40 639
11 42 572
11 43 100
11 45 21
11 47 917
11 56 557
11 57 131
11 58 352
11 61 197
11 62 689
11 63 799
11 64 203
11 65 192
11 67 168
11 69 615
11 70 513
11 71 907
11 73 698
11 74 960
12 1 602
12 2 533
12 3 977
12 4 309
12 5 497
12 6 880
12 8 787
12 10 187
12 11 158
12 13 52
12 14 571
12 17 772
12 18 418
12 19 999
12 21 687
12 22 551
12 23 15
12 25 449
12 26 359
12 27 556
12 29 296
12 31 898
12 34 958
12 35 907
12 37 572
12 39 868
12 40 437
12 41 635
12 43 981
12 47 175
12 48 398
12 50 852
12 53 522
12 54 328
12 56 580
12 58 520
12 59 467
12 62 393
12 64 406
12 65 149
12 67 405
12 72 776
12 74 308
13 3 56
13 4 205
13 5 931
13 7 398
13 9 130
13 11 945
13 12 52
13 14 272
13 16 858
13 17 413
13 18 871
13 22 707
13 24 316
13 25 145
13 26 192
13 27 829
13 28 704
13 30 435
13 31 927
13 32 406
13 33 708
13 34 754
13 36 610
13 37 347
13 38 89
13 39 352
13 40 267
13 42 479
13 44 839
13 45 92
13 49 478
13 51 836
13 52 222
13 53 942
13 54 706
13 55 675
13 57 711
13 61 974
13 63 721
13 64 254
13 65 41
13 67 961
13 69 196
13 72 868
13 73 538
13 74 797
14 1 115
14 3 702
14 6 413
14 8 790
14 12 571
14 13 272
14 17 949
14 19 1
14 20 243
14 21 739
14 22 142
14 24 506
14 25 157
14 30 565
14 33 898
14 35 939
14 39 776
14 41 366
14 45 427
14 46 454
14 47 726
14 48 620
14 49 507
14 50 830
14 56 110
14 57 694
14 58 174
14 59 185
14 63 547
14 64 953
14 67 543
14 68 188
14 69 549
14 71 761
14 72 521
14 73 91
14 74 45
15 1 645
15 3 367
15 5 383
15 8 101
15 9 740
15 10 754
15 11 672
15 16 649
15 17 249
15 19 398
15 23 455
15 24 703
15 26 870
15 27 925
15 28 413
15 29 781
15 30 164
15 32 705
15 33 340
15 34 824
15 36 598
15 37 320
15 38 212
15 39 819
15 40 835
15 41 315
15 43 138
15 45 923
15 46 64
15 47 387
15 48 58
15 49 837
15 51 929
15 53 306
15 54 932
15 58 516
15 59 632
15 63 611
15 64 118
15 65 826
15 67 500
15 69 303
15 73 982
15 74 871
16 1 271
16 2 44
16 3 39
16 5 388
16 6 339
16 7 391
16 8 988
16 9 926
16 11 415
16 13 858
16 15 649
16 18 502
16 19 950
16 20 976
16 23 493
16 24 628
16 25 100
16 26 702
16 28 408
16 29 848
16 30 408
16 32 381
16 35 965
16 38 886
16 39 95
16 40 596
16 41 124
16 42 109
16 43 874
16 44 320
16 47 626
16 48 781
16 49 938
16 50 259
16 51 39
16 52 377
16 54 886
16 56 934
16 59 1
16 60 488
16 63 912
16 64 573
16 65 524
16 66 40
16 68 938
16 69 187
16 71 24
16 72 7
16 73 40
17 3 421
17 5 505
17 6 179
17 8 762
17 10 849
17 12 772
17 13 413
17 14 949
17 15 249
17 18 613
17 19 934
17 21 614
17 22 330
17 23 813
17 26 353
17 28 301
17 32 309
17 39 713
17 42 170
17 44 682
17 46 73
17 47 833
17 48 53
17 49 574
17 51 646
17 54 620
17 55 473
17 56 282
17 58 537
17 60 286
17 61 34
17 62 51
17 63 376
17 64 932
17 65 556
17 66 945
17 67 982
17 68 986
17 69 920
17 70 476
17 71 660
17 72 119
17 74 597
18 2 547
18 3 963
18 7 531
18 8 649
18 9 553
18 12 418
18 13 871
18 16 502
18 17 613
18 19 974
18 20 973
18 21 624
18 22 694
18 23 496
18 24 335
18 28 358
18 29 815
18 30 138
18 31 271
18 32 630
18 33 763
18 35 759
18 36 133
18 38 739
18 41 594
18 42 423
18 43 644
18 44 724
18 46 886
18 49 402
18 50 4
18 51 738
18 52 57
18 56 91
18 58 425
18 59 256
18 61 712
18 62 521
18 66 367
18 67 918
18 68 934
18 69 69
18 71 914
19 1 928
19 2 953
19 3 309
19 4 907
19 6 373
19 7 209
19 10 156
19 11 368
19 12 999
19 14 1
19 15 398
19 16 950
19 17 934
19 18 974
19 20 239
19 23 475
19 26 271
19 29 417
19 33 211
19 34 998
19 35 797
19 36 680
19 37 978
19 39 621
19 40 206
19 42 777
19 43 758
19 47 900
19 50 3
19 51 769
19 52 674
19 53 223
19 54 83
19 55 855
19 56 743
19 57 730
19 59 787
19 61 802
19 63 171
19 64 765
19 65 157
19 69 757
19 70 270
19 71 217
19 72 511
19 73 67
19 74 659
20 1 773
20 2 726
20 4 486
20 5 179
20 8 900
20 9 76
20 14 243
20 16 976
20 18 973
20 19 239
20 25 438
20 26 693
20 28 621
20 30 819
20 32 280
20 33 157
20 37 444
20 38 433
20 42 60
20 44 31
20 46 238
20 47 477
20 48 436
20 51 751
20 52 614
20 53 632
20 55 274
20 56 360
20 57 213
20 60 885
20 62 171
20 64 667
20 65 122
20 66 673
20 68 82
20 69 312
20 70 397
20 73 746
21 1 725
21 2 963
21 4 202
21 6 409
21 7 574
21 8 564
21 10 11
21 12 687
21 14 739
21 17 614
21 18 624
21 22 195
21 23 970
21 26 431
21 27 760
21 28 29
21 29 186
21 30 148
21 32 283
21 34 365
21 35 771
21 36 982
21 37 153
21 41 817
21 42 804
21 43 838
21 44 626
21 46 26
21 50 112
21 51 940
21 53 687
21 59 128
21 60 820
21 61 210
21 62 103
21 66 776
21 67 718
21 68 949
21 69 290
21 70 308
21 72 552
21 74 400
22 2 574
22 3 904
22 4 808
22 5 596
22 11 282
22 12 551
22 13 707
22 14 142
22 17 330
22 18 694
22 21 195
22 23 39
22 24 841
22 25 727
22 27 546
22 28 49
22 30 850
22 31 883
22 32 704
22 33 219
22 34 69
22 36 268
22 37 107
22 38 286
22 39 902
22 40 739
22 41 624
22 44 161
22 47 149
22 48 189
22 49 774
22 51 716
22 52 686
22 53 466
22 54 39
22 55 280
22 57 611
22 58 78
22 60 639
22 61 856
22 62 970
22 63 551
22 66 991
22 69 488
22 70 589
22 71 895
23 1 809
23 3 517
23 4 452
23 6 776
23 7 111
23 8 147
23 10 679
23 12 15
23 15 455
23 16 493
23 17 813
23 18 496
23 19 475
23 21 970
23 22 39
23 24 135
23 25 900
23 28 852
23 29 123
23 30 159
23 31 203
23 32 542
23 34 261
23 35 429
23 36 678
23 37 19
23 38 386
23 40 368
23 41 568
23 42 985
23 43 450
23 47 91
23 48 346
23 51 981
23 54 643
23 57 980
23 58 776
23 59 461
23 60 839
23 61 99
23 62 323
23 63 564
23 64 755
23 66 757
23 69 54
23 70 673
23 71 162
23 73 456
24 1 135
24 2 222
24 3 983
24 4 893
24 5 847
24 6 644
24 8 449
24 9 4
24 10 329
24 11 438
24 13 316
24 14 506
24 15 703
24 16 628
24 18 335
24 22 841
24 23 135
24 25 86
24 26 482
24 29 603
24 30 67
24 33 258
24 34 42
24 35 383
24 36 633
24 37 17
24 38 444
24 41 386
24 42 130
24 43 265
24 45 29
24 47 20
24 48 782
24 49 1
24 51 176
24 53 42
24 54 827
24 56 86
24 57 716
24 58 897
24 59 499
24 60 211
24 63 894
24 64 718
24 65 89
24 67 298
24 68 451
24 70 841
24 71 396
24 72 439
24 74 521
25 1 830
25 2 222
25 3 751
25 4 638
25 7 370
25 8 190
25 9 578
25 10 280
25 12 449
25 13 145
25 14 157
25 16 100
25 20 438
25 22 727
25 23 900
25 24 86
25 27 129
25 29 698
25 30 746
25 32 166
25 35 883
25 36 126
25 37 382
25 38 399
25 40 533
25 41 157
25 42 917
25 43 540
25 44 724
25 45 434
25 46 553
25 47 389
25 48 613
25 50 553
25 52 50
25 55 202
25 56 838
25 57 511
25 58 262
25 59 251
25 60 427
25 61 950
25 62 963
25 65 663
25 68 106
25 71 593
25 72 375
26 1 246
26 4 246
26 5 340
26 11 849
26 12 359
26 13 192
26 15 870
26 16 702
26 17 353
26 19 271
26 20 693
26 21 431
26 24 482
26 27 476
26 28 964
26 29 104
26 31 455
26 33 740
26 36 512
26 38 617
26 41 162
26 46 931
26 50 862
26 51 450
26 54 346
26 55 491
26 56 910
26 58 60
26 59 17
26 60 440
26 62 305
26 63 903
26 66 319
26 69 415
26 71 787
26 72 244
27 3 905
27 4 926
27 5 111
27 7 542
27 9 105
27 10 717
27 11 46
27 12 556
27 13 829
27 15 925
27 21 760
27 22 546
27 25 129
27 26 476
27 28 921
27 30 528
27 31 588
27 32 319
27 34 322
27 35 572
27 36 88
27 37 946
27 40 226
27 41 509
27 42 829
27 47 813
27 50 369
27 51 469
27 52 433
27 54 825
27 56 113
27 57 557
27 59 241
27 60 854
27 61 870
27 64 343
27 66 498
27 67 635
27 68 949
27 69 670
27 74 481
28 1 865
28 2 764
28 3 425
28 4 635
28 5 448
28 6 994
28 7 481
28 9 819
28 11 718
28 13 704
28 15 413
28 16 408
28 17 301
28 18 358
28 20 621
28 21 29
28 22 49
28 23 852
28 26 964
28 27 921
28 29 2
28 30 255
28 33 361
28 34 548
28 35 238
28 36 513
28 38 345
28 39 629
28 44 417
28 45 102
28 47 996
28 48 580
28 49 926
28 52 368
28 53 154
28 54 413
28 56 616
28 60 246
28 63 181
28 65 522
28 66 577
28 67 50
28 68 648
28 71 603
29 2 387
29 4 888
29 6 997
29 7 747
29 8 604
29 9 234
29 10 909
29 12 296
29 15 781
29 16 848
29 18 815
29 19 417
29 21 186
29 23 123
29 24 603
29 25 698
29 26 104
29 28 2
29 32 236
29 35 572
29 37 701
29 38 279
29 39 150
29 42 803
29 43 99
29 44 457
29 46 862
29 48 168
29 49 134
29 51 898
29 52 571
29 53 916
29 54 451
29 56 115
29 58 655
29 60 631
29 61 672
29 62 319
29 65 1
29 66 167
29 68 449
29 69 267
29 70 412
29 71 937
30 1 385
30 2 349
30 5 643
30 6 771
30 7 800
30 9 445
30 10 355
30 11 485
30 13 435
30 14 565
30 15 164
30 16 408
30 18 138
30 20 819
30 21 148
30 22 850
30 23 159
30 24 67
30 25 746
30 27 528
30 28 255
30 31 546
30 33 705
30 36 389
30 37 980
30 38 728
30 41 370
30 43 572
30 47 192
30 48 728
30 49 877
30 52 198
30 53 574
30 55 434
30 56 882
30 58 582
30 59 813
30 62 703
30 64 996
30 65 129
30 66 677
30 71 887
31 1 906
31 2 206
31 3 549
31 4 904
31 8 285
31 9 951
31 11 341
31 12 898
31 13 927
31 18 271
31 22 883
31 23 203
31 26 455
31 27 588
31 30 546
31 32 496
31 34 302
31 36 554
31 38 773
31 39 180
31 40 265
31 44 665
31 47 207
31 49 912
31 50 310
31 54 119
31 56 624
31 59 190
31 60 497
31 61 183
31 62 237
31 67 166
31 68 400
31 69 106
31 70 749
31 72 59
32 1 840
32 2 143
32 6 697
32 7 797
32 9 582
32 11 968
32 13 406
32 15 705
32 16 381
32 17 309
32 18 630
32 20 280
32 21 283
32 22 704
32 23 542
32 25 166
32 27 319
32 29 236
32 31 496
32 33 828
32 35 214
32 36 545
32 37 755
32 40 755
32 44 846
32 47 225
32 50 159
32 51 850
32 52 315
32 54 416
32 56 804
32 57 418
32 60 609
32 62 452
32 65 337
32 66 674
32 67 378
32 68 810
32 69 311
32 70 487
32 72 250
32 73 404
32 74 126
33 1 720
33 3 592
33 5 283
33 6 410
33 8 520
33 11 287
33 13 708
33 14 898
33 15 340
33 18 763
33 19 211
33 20 157
33 22 219
33 24 258
33 26 740
33 28 361
33 30 705
33 32 828
33 35 923
33 38 956
33 39 652
33 40 450
33 41 61
33 42 448
33 43 100
33 44 578
33 45 165
33 46 624
33 47 164
33 50 952
33 52 240
33 55 608
33 56 793
33 57 660
33 59 503
33 60 230
33 61 894
33 64 257
33 66 617
33 68 778
33 70 172
33 71 358
33 72 853
33 73 632
34 1 972
34 2 105
34 3 546
34 4 19
34 5 823
34 6 974
34 7 585
34 8 602
34 9 789
34 10 421
34 11 85
34 12 958
34 13 754
34 15 824
34 19 998
34 21 365
34 22 69
34 23 261
34 24 42
34 27 322
34 28 548
34 31 302
34 35 891
34 36 625
34 37 605
34 38 977
34 39 558
34 40 564
34 41 885
34 42 976
34 44 916
34 45 272
34 46 834
34 48 512
34 49 164
34 51 221
34 53 843
34 55 106
34 56 229
34 57 257
34 59 702
34 62 75
34 64 881
34 65 83
34 66 193
34 67 772
34 70 347
34 71 108
34 72 762
35 1 976
35 3 749
35 4 195
35 5 287
35 7 965
35 11 789
35 12 907
35 14 939
35 16 965
35 18 759
35 19 797
35 21 771
35 23 429
35 24 383
35 25 883
35 27 572
35 28 238
35 29 572
35 32 214
35 33 923
35 34 891
35 37 586
35 39 823
35 40 682
35 42 911
35 43 59
35 44 655
35 46 121
35 48 731
35 50 832
35 53 87
35 54 651
35 55 494
35 56 800
35 57 778
35 58 18
35 59 53
35 60 725
35 61 199
35 62 653
35 63 290
35 66 711
35 67 282
35 69 871
35 70 730
35 71 753
35 72 439
35 73 916
35 74 88
36 1 575
36 2 875
36 8 652
36 9 451
36 11 669
36 13 610
36 15 598
36 18 133
36 19 680
36 21 982
36 22 268
36 23 678
36 24 633
36 25 126
36 26 512
36 27 88
36 28 513
36 30 389
36 31 554
36 32 545
36 34 625
36 37 304
36 38 427
36 39 10
36 40 499
36 42 511
36 44 442
36 46 679
36 52 930
36 54 568
36 55 246
36 56 797
36 57 441
36 58 801
36 59 380
36 61 37
36 62 701
36 64 192
36 65 989
36 68 596
36 69 619
36 70 843
36 72 910
36 74 810
37 1 309
37 2 468
37 3 191
37 6 564
37 7 896
37 8 193
37 10 403
37 12 572
37 13 347
37 15 320
37 19 978
37 20 444
37 21 153
37 22 107
37 23 19
37 24 17
37 25 382
37 27 946
37 29 701
37 30 980
37 32 755
37 34 605
37 35 586
37 36 304
37 38 947
37 42 327
37 43 907
37 44 479
37 45 857
37 46 931
37 50 843
37 53 335
37 55 487
37 57 507
37 58 708
37 61 90
37 62 915
37 64 64
37 66 229
37 68 946
37 69 408
37 70 96
37 71 168
37 72 117
37 73 855
37 74 546
38 1 917
38 2 662
38 3 868
38 5 863
38 6 700
38 8 255
38 9 343
38 10 671
38 11 56
38 13 89
38 15 212
38 16 886
38 18 739
38 20 433
38 22 286
38 23 386
38 24 444
38 25 399
38 26 617
38 28 345
38 29 279
38 30 728
38 31 773
38 33 956
38 34 977
38 36 427
38 37 947
38 40 525
38 41 461
38 42 419
38 43 299
38 45 342
38 46 89
38 47 355
38 48 410
38 49 923
38 51 481
38 53 88
38 54 12
38 55 622
38 56 403
38 57 65
38 58 993
38 59 578
38 60 436
38 61 432
38 62 157
38 63 8
38 64 461
38 67 796
38 69 388
38 74 609
39 2 626
39 3 406
39 4 554
39 5 303
39 9 85
39 10 681
39 12 868
39 13 352
39 14 776
39 15 819
39 16 95
39 17 713
39 19 621
39 22 902
39 28 629
39 29 150
39 31 180
39 33 652
39 34 558
39 35 823
39 36 10
39 41 252
39 43 173
39 45 460
39 49 407
39 50 281
39 51 379
39 52 447
39 53 564
39 57 170
39 59 222
39 60 382
39 61 126
39 64 372
39 65 12
39 68 438
39 69 1
39 70 875
39 71 535
39 72 286
39 74 159
40 1 116
40 2 475
40 3 494
40 4 300
40 5 75
40 6 333
40 7 200
40 9 326
40 10 797
40 11 639
40 12 437
40 13 267
40 15 835
40 16 596
40 19 206
40 22 739
40 23 368
40 25 533
40 27 226
40 31 265
40 32 755
40 33 450
40 34 564
40 35 682
40 36 499
40 38 525
40 41 971
40 43 22
40 46 349
40 47 271
40 49 125
40 50 84
40 51 615
40 52 309
40 53 319
40 56 273
40 60 694
40 64 618
40 65 837
40 69 618
40 70 700
40 71 822
40 73 126
41 1 522
41 3 47
41 5 486
41 6 484
41 9 325
41 12 635
41 14 366
41 15 315
41 16 124
41 18 594
41 21 817
41 22 624
41 23 568
41 24 386
41 25 157
41 26 162
41 27 509
41 30 370
41 33 61
41 34 885
41 38 461
41 39 252
41 40 971
41 42 621
41 46 721
41 47 973
41 50 505
41 51 890
41 55 20
41 56 741
41 57 521
41 58 86
41 62 8
41 65 485
41 66 612
41 67 347
41 68 319
41 69 354
41 72 618
41 73 177
42 1 210
42 3 672
42 5 285
42 6 488
42 8 519
42 10 330
42 11 572
42 13 479
42 16 109
42 17 170
42 18 423
42 19 777
42 20 60
42 21 804
42 23 985
42 24 130
42 25 917
42 27 829
42 29 803
42 33 448
42 34 976
42 35 911
42 36 511
42 37 327
42 38 419
42 41 621
42 44 651
42 45 599
42 46 239
42 47 273
42 48 519
42 49 121
42 52 345
42 54 306
42 56 739
42 57 613
42 58 324
42 59 347
42 60 947
42 61 191
42 63 438
42 64 771
42 66 838
42 67 723
42 68 248
42 72 812
42 73 849
42 74 450
43 1 867
43 2 185
43 3 890
43 4 136
43 5 787
43 6 82
43 8 722
43 9 19
43 10 1
43 11 100
43 12 981
43 15 138
43 16 874
43 18 644
43 19 758
43 21 838
43 23 450
43 24 265
43 25 540
43 29 99
43 30 572
43 33 100
43 35 59
43 37 907
43 38 299
43 39 173
43 40 22
43 44 125
43 45 7
43 48 713
43 51 636
43 52 375
43 54 896
43 56 244
43 57 866
43 58 159
43 61 820
43 62 196
43 64 711
43 68 243
43 70 232
43 71 210
43 73 344
44 1 968
44 2 560
44 3 696
44 4 752
44 5 896
44 7 445
44 13 839
44 16 320
44 17 682
44 18 724
44 20 31
44 21 626
44 22 161
44 25 724
44 28 417
44 29 457
44 31 665
44 32 846
44 33 578
44 34 916
44 35 655
44 36 442
44 37 479
44 42 651
44 43 125
44 46 451
44 48 758
44 49 949
44 51 196
44 52 766
44 53 6
44 55 934
44 59 676
44 61 400
44 63 649
44 64 80
44 67 227
44 69 99
44 70 319
44 72 432
44 73 164
45 1 837
45 2 778
45 3 674
45 4 775
45 6 177
45 7 282
45 9 62
45 11 21
45 13 92
45 14 427
45 15 923
45 24 29
45 25 434
45 28 102
45 33 165
45 34 272
45 37 857
45 38 342
45 39 460
45 42 599
45 43 7
45 47 76
45 48 794
45 50 738
45 51 630
45 52 364
45 53 34
45 54 14
45 55 722
45 56 326
45 58 218
45 63 729
45 64 846
45 65 492
45 67 217
45 69 393
45 70 930
45 71 97
45 73 692
46 2 960
46 5 370
46 7 653
46 8 806
46 9 680
46 10 172
46 14 454
46 15 64
46 17 73
46 18 886
46 20 238
46 21 26
46 25 553
46 26 931
46 29 862
46 33 624
46 34 834
46 35 121
46 36 679
46 37 931
46 38 89
46 40 349
46 41 721
46 42 239
46 44 451
46 47 240
46 49 648
46 50 988
46 51 429
46 52 317
46 53 239
46 54 224
46 57 237
46 59 467
46 60 512
46 62 112
46 63 348
46 65 441
46 68 311
46 71 400
46 73 195
47 1 124
47 3 635
47 6 838
47 7 923
47 8 97
47 9 784
47 10 45
47 11 917
47 12 175
47 14 726
47 15 387
47 16 626
47 17 833
47 19 900
47 20 477
47 22 149
47 23 91
47 24 20
47 25 389
47 27 813
47 28 996
47 30 192
47 31 207
47 32 225
47 33 164
47 38 355
47 40 271
47 41 973
47 42 273
47 45 76
47 46 240
47 50 884
47 52 652
47 54 953
47 55 204
47 57 749
47 60 978
47 61 517
47 62 643
47 63 894
47 64 579
47 66 602
47 67 446
47 68 290
47 71 254
47 72 375
47 73 15
47 74 837
48 1 694
48 2 63
48 4 355
48 5 625
48 6 173
48 7 844
48 12 398
48 14 620
48 15 58
48 16 781
48 17 53
48 20 436
48 22 189
48 23 346
48 24 782
48 25 613
48 28 580
48 29 168
48 30 728
48 34 512
48 35 731
48 38 410
48 42 519
48 43 713
48 44 758
48 45 794
48 50 155
48 52 43
48 57 623
48 58 233
48 59 852
48 61 998
48 62 757
48 63 590
48 65 787
48 66 974
48 67 536
48 68 329
48 69 340
48 70 335
48 72 155
48 73 406
48 74 643
49 4 259
49 5 743
49 6 125
49 7 120
49 9 40
49 13 478
49 14 507
49 15 837
49 16 938
49 17 574
49 18 402
49 22 774
49 24 1
49 28 926
49 29 134
49 30 877
49 31 912
49 34 164
49 38 923
49 39 407
49 40 125
49 42 121
49 44 949
49 46 648
49 50 554
49 55 838
49 57 765
49 59 860
49 61 704
49 64 962
49 65 290
49 66 839
49 68 173
49 69 931
49 70 739
50 1 320
50 2 255
50 5 919
50 6 1
50 7 953
50 9 585
50 12 852
50 14 830
50 16 259
50 18 4
50 19 3
50 21 112
50 25 553
50 26 862
50 27 369
50 31 310
50 32 159
50 33 952
50 35 832
50 37 843
50 39 281
50 40 84
50 41 505
50 45 738
50 46 988
50 47 884
50 48 155
50 49 554
50 51 378
50 58 779
50 61 544
50 62 515
50 68 219
50 69 531
50 72 823
50 73 292
50 74 847
51 2 142
51 3 416
51 4 839
51 5 819
51 6 528
51 7 409
51 9 576
51 10 789
51 13 836
51 15 929
51 16 39
51 17 646
51 18 738
51 19 769
51 20 751
51 21 940
51 22 716
51 23 981
51 24 176
51 26 450
51 27 469
51 29 898
51 32 850
51 34 221
51 38 481
51 39 379
51 40 615
51 41 890
51 43 636
51 44 196
51 45 630
51 46 429
51 50 378
51 52 769
51 53 606
51 54 824
51 55 593
51 58 366
51 59 269
51 60 515
51 63 666
51 64 682
51 66 819
51 69 873
51 71 415
51 72 701
52 1 539
52 3 477
52 4 459
52 5 100
52 8 892
52 9 942
52 13 222
52 16 377
52 18 57
52 19 674
52 20 614
52 22 686
52 25 50
52 27 433
52 28 368
52 29 571
52 30 198
52 32 315
52 33 240
52 36 930
52 39 447
52 40 309
52 42 345
52 43 375
52 44 766
52 45 364
52 46 317
52 47 652
52 48 43
52 51 769
52 53 237
52 54 379
52 55 288
52 57 943
52 59 32
52 62 532
52 63 868
52 64 544
52 65 564
52 66 72
52 69 847
52 70 336
52 71 860
52 72 595
52 73 105
52 74 89
53 1 384
53 2 407
53 3 525
53 4 950
53 5 41
53 6 711
53 12 522
53 13 942
53 15 306
53 19 223
53 20 632
53 21 687
53 22 466
53 24 42
53 28 154
53 29 916
53 30 574
53 34 843
53 35 87
53 37 335
53 38 88
53 39 564
53 40 319
53 44 6
53 45 34
53 46 239
53 51 606
53 52 237
53 54 234
53 56 660
53 59 829
53 61 235
53 62 867
53 64 90
53 66 390
53 67 752
53 68 199
53 70 483
53 72 930
53 73 778
54 1 561
54 2 756
54 3 250
54 5 151
54 6 789
54 7 688
54 8 952
54 9 576
54 10 664
54 12 328
54 13 706
54 15 932
54 16 886
54 17 620
54 19 83
54 22 39
54 23 643
54 24 827
54 26 346
54 27 825
54 28 413
54 29 451
54 31 119
54 32 416
54 35 651
54 36 568
54 38 12
54 42 306
54 43 896
54 45 14
54 46 224
54 47 953
54 51 824
54 52 379
54 53 234
54 56 904
54 57 735
54 59 20
54 61 60
54 62 204
54 63 471
54 65 490
54 66 879
54 68 955
54 69 130
54 70 137
54 72 344
54 73 897
54 74 392
55 2 288
55 4 559
55 6 968
55 9 39
55 13 675
55 17 473
55 19 855
55 20 274
55 22 280
55 25 202
55 26 491
55 30 434
55 33 608
55 34 106
55 35 494
55 36 246
55 37 487
55 38 622
55 41 20
55 44 934
55 45 722
55 47 204
55 49 838
55 51 593
55 52 288
55 59 105
55 61 962
55 63 155
55 64 571
55 66 198
55 67 185
55 68 152
55 69 417
55 70 256
55 71 294
55 72 431
55 73 360
56 2 131
56 3 228
56 5 428
56 6 921
56 7 161
56 8 508
56 11 557
56 12 580
56 14 110
56 16 934
56 17 282
56 18 91
56 19 743
56 20 360
56 24 86
56 25 838
56 26 910
56 27 113
56 28 616
56 29 115
56 30 882
56 31 624
56 32 804
56 33 793
56 34 229
56 35 800
56 36 797
56 38 403
56 40 273
56 41 741
56 42 739
56 43 244
56 45 326
56 53 660
56 54 904
56 58 346
56 59 448
56 60 593
56 61 827
56 62 261
56 64 685
56 65 879
56 66 974
56 67 564
56 68 858
56 73 212
56 74 604
57 4 789
57 5 668
57 6 605
57 10 477
57 11 131
57 13 711
57 14 694
57 19 730
57 20 213
57 22 611
57 23 980
57 24 716
57 25 511
57 27 557
57 32 418
57 33 660
57 34 257
57 35 778
57 36 441
57 37 507
57 38 65
57 39 170
57 41 521
57 42 613
57 43 866
57 46 237
57 47 749
57 48 623
57 49 765
57 52 943
57 54 735
57 58 837
57 59 541
57 60 699
57 61 622
57 63 805
57 66 474
57 67 694
57 68 532
57 70 462
57 73 722
57 74 952
58 3 618
58 4 466
58 6 878
58 7 540
58 8 985
58 10 166
58 11 352
58 12 520
58 14 174
58 15 516
58 17 537
58 18 425
58 22 78
58 23 776
58 24 897
58 25 262
58 26 60
58 29 655
58 30 582
58 35 18
58 36 801
58 37 708
58 38 993
58 41 86
58 42 324
58 43 159
58 45 218
58 48 233
58 50 779
58 51 366
58 56 346
58 57 837
58 59 786
58 60 993
58 61 48
58 62 957
58 63 757
58 66 11
58 69 462
58 70 115
58 71 285
58 72 44
58 73 957
59 2 394
59 3 116
59 4 397
59 5 823
59 7 185
59 8 446
59 10 127
59 12 467
59 14 185
59 15 632
59 16 1
59 18 256
59 19 787
59 21 128
59 23 461
59 24 499
59 25 251
59 26 17
59 27 241
59 30 813
59 31 190
59 33 503
59 34 702
59 35 53
59 36 380
59 38 578
59 39 222
59 42 347
59 44 676
59 46 467
59 48 852
59 49 860
59 51 269
59 52 32
59 53 829
59 54 20
59 55 105
59 56 448
59 57 541
59 58 786
59 60 7
59 62 534
59 64 986
59 65 532
59 67 456
59 68 845
59 69 673
59 71 861
59 72 935
59 74 537
60 2 29
60 6 872
60 7 497
60 8 287
60 10 621
60 16 488
60 17 286
60 20 885
60 21 820
60 22 639
60 23 839
60 24 211
60 25 427
60 26 440
60 27 854
60 28 246
60 29 631
60 31 497
60 32 609
60 33 230
60 35 725
60 38 436
60 39 382
60 40 694
60 42 947
60 46 512
60 47 978
60 51 515
60 56 593
60 57 699
60 58 993
60 59 7
60 63 903
60 64 474
60 65 8
60 67 777
60 68 186
60 71 672
60 73 677
60 74 513
61 1 839
61 2 73
61 4 898
61 8 455
61 11 197
61 13 974
61 17 34
61 18 712
61 19 802
61 21 210
61 22 856
61 23 99
61 25 950
61 27 870
61 29 672
61 31 183
61 33 894
61 35 199
61 36 37
61 37 90
61 38 432
61 39 126
61 42 191
61 43 820
61 44 400
61 47 517
61 48 998
61 49 704
61 50 544
61 53 235
61 54 60
61 55 962
61 56 827
61 57 622
61 58 48
61 62 108
61 64 873
61 65 201
61 66 376
61 67 70
61 70 10
61 73 177
62 1 945
62 2 182
62 3 383
62 4 511
62 5 980
62 7 870
62 8 301
62 9 713
62 11 689
62 12 393
62 17 51
62 18 521
62 20 171
62 21 103
62 22 970
62 23 323
62 25 963
62 26 305
62 29 319
62 30 703
62 31 237
62 32 452
62 34 75
62 35 653
62 36 701
62 37 915
62 38 157
62 41 8
62 43 196
62 46 112
62 47 643
62 48 757
62 50 515
62 52 532
62 53 867
62 54 204
62 56 261
62 58 957
62 59 534
62 61 108
62 66 621
62 69 683
62 70 504
62 72 449
62 73 562
62 74 509
63 1 322
63 3 562
63 4 978
63 6 188
63 8 666
63 9 436
63 10 632
63 11 799
63 13 721
63 14 547
63 15 611
63 16 912
63 17 376
63 19 171
63 22 551
63 23 564
63 24 894
63 26 903
63 28 181
63 35 290
63 38 8
63 42 438
63 44 649
63 45 729
63 46 348
63 47 894
63 48 590
63 51 666
63 52 868
63 54 471
63 55 155
63 57 805
63 58 757
63 60 903
63 64 471
63 65 730
63 66 895
63 74 583
64 2 256
64 3 136
64 4 342
64 5 301
64 8 310
64 9 172
64 11 203
64 12 406
64 13 254
64 14 953
64 15 118
64 16 573
64 17 932
64 19 765
64 20 667
64 23 755
64 24 718
64 27 343
64 30 996
64 33 257
64 34 881
64 36 192
64 37 64
64 38 461
64 39 372
64 40 618
64 42 771
64 43 711
64 44 80
64 45 846
64 47 579
64 49 962
64 51 682
64 52 544
64 53 90
64 55 571
64 56 685
64 59 986
64 60 474
64 61 873
64 63 471
64 65 284
64 67 131
64 69 902
64 70 661
64 71 891
64 72 118
64 73 172
65 2 131
65 3 83
65 5 75
65 6 642
65 10 676
65 11 192
65 12 149
65 13 41
65 15 826
65 16 524
65 17 556
65 19 157
65 20 122
65 24 89
65 25 663
65 28 522
65 29 1
65 30 129
65 32 337
65 34 83
65 36 989
65 39 12
65 40 837
65 41 485
65 45 492
65 46 441
65 48 787
65 49 290
65 52 564
65 54 490
65 56 879
65 59 532
65 60 8
65 61 201
65 63 730
65 64 284
65 66 152
65 69 448
65 72 352
65 74 748
66 1 682
66 3 485
66 4 417
66 5 941
66 6 256
66 7 759
66 10 680
66 16 40
66 17 945
66 18 367
66 20 673
66 21 776
66 22 991
66 23 757
66 26 319
66 27 498
66 28 577
66 29 167
66 30 677
66 32 674
66 33 617
66 34 193
66 35 711
66 37 229
66 41 612
66 42 838
66 47 602
66 48 974
66 49 839
66 51 819
66 52 72
66 53 390
66 54 879
66 55 198
66 56 974
66 57 474
66 58 11
66 61 376
66 62 621
66 63 895
66 65 152
66 68 121
66 73 970
66 74 626
67 1 895
67 2 466
67 5 387
67 7 962
67 9 351
67 11 168
67 12 405
67 13 961
67 14 543
67 15 500
67 17 982
67 18 918
67 21 718
67 24 298
67 27 635
67 28 50
67 31 166
67 32 378
67 34 772
67 35 282
67 38 796
67 41 347
67 42 723
67 44 227
67 45 217
67 47 446
67 48 536
67 53 752
67 55 185
67 56 564
67 57 694
67 59 456
67 60 777
67 61 70
67 64 131
67 68 883
67 71 14
67 72 301
67 74 327
68 1 974
68 2 512
68 7 908
68 8 657
68 10 890
68 14 188
68 16 938
68 17 986
68 18 934
68 20 82
68 21 949
68 24 451
68 25 106
68 27 949
68 28 648
68 29 449
68 31 400
68 32 810
68 33 778
68 36 596
68 37 946
68 39 438
68 41 319
68 42 248
68 43 243
68 46 311
68 47 290
68 48 329
68 49 173
68 50 219
68 53 199
68 54 955
68 55 152
68 56 858
68 57 532
68 59 845
68 60 186
68 66 121
68 67 883
68 69 316
68 74 185
69 3 835
69 4 683
69 6 359
69 7 501
69 9 889
69 10 4
69 11 615
69 13 196
69 14 549
69 15 303
69 16 187
69 17 920
69 18 69
69 19 757
69 20 312
69 21 290
69 22 488
69 23 54
69 26 415
69 27 670
69 29 267
69 31 106
69 32 311
69 35 871
69 36 619
69 37 408
69 38 388
69 39 1
69 40 618
69 41 354
69 44 99
69 45 393
69 48 340
69 49 931
69 50 531
69 51 873
69 52 847
69 54 130
69 55 417
69 58 462
69 59 673
69 62 683
69 64 902
69 65 448
69 68 316
69 70 931
69 72 156
70 3 860
70 5 25
70 9 48
70 10 593
70 11 513
70 17 476
70 19 270
70 20 397
70 21 308
70 22 589
70 23 673
70 24 841
70 29 412
70 31 749
70 32 487
70 33 172
70 34 347
70 35 730
70 36 843
70 37 96
70 39 875
70 40 700
70 43 232
70 44 319
70 45 930
70 48 335
70 49 739
70 52 336
70 53 483
70 54 137
70 55 256
70 57 462
70 58 115
70 61 10
70 62 504
70 64 661
70 69 931
70 71 335
71 1 635
71 2 338
71 3 577
71 4 672
71 5 243
71 6 113
71 7 780
71 8 736
71 9 600
71 10 754
71 11 907
71 14 761
71 16 24
71 17 660
71 18 914
71 19 217
71 22 895
71 23 162
71 24 396
71 25 593
71 26 787
71 28 603
71 29 937
71 30 887
71 33 358
71 34 108
71 35 753
71 37 168
71 39 535
71 40 822
71 43 210
71 45 97
71 46 400
71 47 254
71 51 415
71 52 860
71 55 294
71 58 285
71 59 861
71 60 672
71 64 891
71 67 14
71 70 335
71 72 60
71 74 906
72 1 594
72 3 280
72 4 414
72 5 780
72 12 776
72 13 868
72 14 521
72 16 7
72 17 119
72 19 511
72 21 552
72 24 439
72 25 375
72 26 244
72 31 59
72 32 250
72 33 853
72 34 762
72 35 439
72 36 910
72 37 117
72 39 286
72 41 618
72 42 812
72 44 432
72 47 375
72 48 155
72 50 823
72 51 701
72 52 595
72 53 930
72 54 344
72 55 431
72 58 44
72 59 935
72 62 449
72 64 118
72 65 352
72 67 301
72 69 156
72 71 60
72 73 928
72 74 29
73 1 373
73 2 175
73 4 554
73 5 877
73 6 537
73 7 826
73 9 949
73 10 837
73 11 698
73 13 538
73 14 91
73 15 982
73 16 40
73 19 67
73 20 746
73 23 456
73 32 404
73 33 632
73 35 916
73 37 855
73 40 126
73 41 177
73 42 849
73 43 344
73 44 164
73 45 692
73 46 195
73 47 15
73 48 406
73 50 292
73 52 105
73 53 778
73 54 897
73 55 360
73 56 212
73 57 722
73 58 957
73 60 677
73 61 177
73 62 562
73 64 172
73 66 970
73 72 928
1 t 805
3 t 662
4 t 952
8 t 346
9 t 522
11 t 960
12 t 308
13 t 797
14 t 45
15 t 871
17 t 597
19 t 659
21 t 400
24 t 521
27 t 481
32 t 126
35 t 88
36 t 810
37 t 546
38 t 609
39 t 159
42 t 450
47 t 837
48 t 643
50 t 847
52 t 89
54 t 392
56 t 604
57 t 952
59 t 537
60 t 513
62 t 509
63 t 583
65 t 748
66 t 626
67 t 327
68 t 185
71 t 906
72 t 29
