s 2 584
s 7 948
s 16 388
s 19 321
s 29 962
s 30 686
s 31 398
s 36 607
s 37 6
s 40 105
s 43 683
s 45 145
s 48 12
s 51 473
s 53 616
s 57 456
s 58 848
s 63 169
s 69 210
s 72 895
s 73 89
s 78 233
s 81 30
s 84 509
s 90 91
s 92 569
s 93 712
1 3 879
1 21 849
1 24 196
1 26 614
1 31 925
1 35 523
1 40 373
1 41 274
1 42 934
1 43 90
1 46 418
1 50 77
1 52 158
1 53 593
1 54 272
1 55 766
1 58 498
1 59 137
1 60 921
1 63 592
1 70 406
1 75 99
1 78 578
1 79 605
1 80 162
1 82 606
1 84 856
1 87 754
1 89 283
1 98 945
1 99 627
2 5 616
2 7 626
2 9 303
2 12 604
2 16 742
2 26 333
2 30 903
2 32 769
2 36 395
2 38 431
2 39 236
2 41 936
2 42 930
2 43 154
2 52 417
2 53 493
2 56 297
2 57 997
2 59 737
2 66 395
2 70 544
2 71 711
2 73 446
2 75 283
2 76 389
2 79 79
2 80 549
2 83 835
2 85 789
2 86 733
2 91 721
2 96 745
2 99 195
3 1 879
3 5 91
3 7 142
3 8 155
3 10 508
3 12 35
3 13 633
3 21 896
3 30 195
3 32 441
3 33 232
3 34 155
3 36 579
3 40 851
3 41 116
3 54 959
3 62 54
3 63 317
3 65 448
3 67 891
3 68 739
3 69 728
3 70 96
3 79 683
3 82 20
3 87 31
3 90 470
3 91 425
4 7 595
4 11 651
4 14 167
4 16 482
4 20 180
4 21 973
4 25 572
4 26 22
4 27 505
4 35 607
4 37 628
4 43 707
4 45 591
4 47 308
4 49 979
4 53 602
4 56 208
4 57 725
4 65 251
4 68 806
4 70 714
4 73 313
4 77 739
4 80 275
4 81 898
4 82 981
4 85 124
4 87 736
4 88 934
4 89 864
4 94 256
5 2 616
5 3 91
5 6 353
5 10 307
5 14 217
5 19 369
5 21 960
5 23 608
5 25 24
5 30 695
5 32 275
5 34 1
5 38 168
5 39 771
5 45 909
5 48 7
5 49 122
5 52 554
5 53 584
5 55 83
5 57 366
5 60 725
5 61 378
5 63 160
5 65 39
5 75 676
5 84 658
5 86 667
5 93 305
5 98 468
6 5 353
6 11 500
6 12 123
6 13 467
6 15 879
6 18 550
6 20 772
6 22 964
6 23 641
6 24 850
6 26 659
6 28 655
6 30 39
6 32 717
6 33 918
6 35 589
6 36 384
6 46 730
6 49 408
6 60 529
6 62 225
6 66 622
6 68 733
6 69 660
6 73 681
6 75 32
6 79 171
6 88 706
6 96 683
6 98 985
7 2 626
7 3 142
7 4 595
7 13 342
7 14 759
7 21 852
7 26 299
7 30 953
7 31 830
7 32 947
7 36 333
7 37 550
7 39 4
7 41 434
7 42 574
7 44 49
7 48 110
7 50 997
7 51 173
7 52 471
7 53 339
7 60 243
7 61 705
7 65 370
7 66 578
7 67 164
7 68 300
7 70 745
7 71 44
7 72 202
7 75 632
7 79 442
7 85 579
7 94 122
7 97 657
7 98 286
8 3 155
8 9 108
8 13 854
8 18 158
8 19 281
8 24 397
8 31 124
8 34 789
8 38 162
8 42 108
8 43 325
8 46 924
8 47 772
8 53 666
8 54 446
8 58 645
8 65 558
8 67 148
8 68 545
8 69 910
8 71 132
8 76 563
8 77 154
8 79 551
8 80 540
8 81 731
8 82 188
8 89 661
8 91 925
8 92 607
9 2 303
9 8 108
9 11 665
9 14 16
9 17 765
9 18 818
9 19 555
9 20 959
9 22 388
9 28 634
9 30 283
9 35 213
9 37 977
9 38 487
9 39 290
9 45 229
9 47 926
9 55 479
9 60 195
9 61 541
9 62 937
9 70 851
9 78 659
9 82 210
9 84 590
9 86 805
9 94 519
9 98 921
10 3 508
10 5 307
10 11 539
10 13 626
10 20 105
10 21 232
10 26 700
10 33 950
10 34 215
10 35 204
10 36 226
10 39 56
10 41 648
10 43 933
10 48 343
10 50 763
10 52 566
10 58 195
10 61 872
10 62 174
10 64 682
10 65 81
10 68 738
10 69 313
10 73 978
10 74 885
10 75 596
10 76 65
10 77 999
10 79 38
10 87 937
10 91 249
10 92 778
10 96 281
10 98 882
11 4 651
11 6 500
11 9 665
11 10 539
11 12 538
11 13 556
11 14 909
11 19 908
11 26 343
11 27 772
11 28 241
11 29 636
11 33 433
11 34 179
11 37 190
11 40 897
11 48 810
11 49 707
11 51 850
11 52 26
11 54 970
11 63 778
11 65 889
11 66 477
11 70 514
11 71 729
11 73 866
11 74 774
11 85 197
11 90 661
11 95 806
12 2 604
12 3 35
12 6 123
12 11 538
12 14 413
12 15 245
12 18 161
12 20 286
12 24 302
12 27 132
12 28 925
12 32 531
12 36 611
12 37 643
12 46 110
12 47 77
12 50 646
12 51 51
12 53 769
12 54 544
12 55 792
12 56 676
12 57 910
12 58 795
12 63 627
12 64 53
12 65 45
12 66 110
12 70 181
12 72 627
12 77 611
12 81 58
12 85 398
12 87 94
12 88 603
12 89 157
12 91 128
12 92 773
12 95 61
13 3 633
13 6 467
13 7 342
13 8 854
13 10 626
13 11 556
13 14 898
13 18 820
13 20 537
13 25 976
13 31 713
13 42 82
13 49 715
13 53 926
13 57 810
13 66 195
13 68 166
13 69 177
13 70 114
13 76 278
13 77 6
13 83 665
13 92 515
13 93 27
13 94 734
13 95 483
13 97 385
14 4 167
14 5 217
14 7 759
14 9 16
14 11 909
14 12 413
14 13 898
14 21 262
14 23 239
14 24 551
14 26 145
14 29 535
14 39 693
14 41 342
14 43 485
14 45 502
14 47 247
14 56 433
14 70 786
14 72 54
14 75 708
14 81 589
14 84 858
14 85 746
14 87 141
14 88 74
14 91 37
14 92 523
14 93 845
14 94 689
15 6 879
15 12 245
15 17 309
15 25 524
15 31 888
15 34 618
15 35 579
15 39 71
15 40 486
15 42 244
15 45 327
15 47 701
15 49 262
15 50 865
15 51 952
15 53 880
15 57 952
15 59 232
15 61 331
15 62 959
15 68 504
15 69 756
15 74 171
15 81 831
15 87 929
15 97 350
15 98 315
16 2 742
16 4 482
16 20 294
16 21 621
16 34 203
16 35 546
16 39 556
16 40 442
16 43 764
16 49 39
16 57 186
16 64 909
16 67 909
16 70 218
16 72 556
16 83 959
16 84 315
16 86 828
16 92 350
16 93 774
16 94 831
16 97 327
16 99 687
17 9 765
17 15 309
17 21 337
17 23 68
17 24 799
17 26 448
17 28 638
17 33 572
17 34 819
17 44 390
17 48 577
17 49 612
17 52 497
17 53 846
17 54 494
17 59 783
17 63 590
17 68 317
17 69 864
17 73 691
17 76 386
17 83 443
17 94 9
17 97 479
18 6 550
18 8 158
18 9 818
18 12 161
18 13 820
18 23 609
18 28 495
18 31 411
18 37 528
18 42 502
18 46 793
18 49 344
18 51 290
18 53 690
18 54 589
18 55 409
18 56 381
18 57 143
18 60 210
18 71 431
18 84 306
18 88 356
18 89 816
18 91 355
18 92 789
18 97 520
19 5 369
19 8 281
19 9 555
19 11 908
19 24 832
19 30 534
19 31 890
19 40 573
19 45 438
19 46 919
19 47 857
19 53 378
19 55 262
19 57 233
19 62 668
19 72 148
19 73 61
19 77 242
19 79 465
19 80 318
19 81 212
19 91 547
19 94 748
19 96 942
20 4 180
20 6 772
20 9 959
20 10 105
20 12 286
20 13 537
20 16 294
20 28 765
20 33 965
20 44 216
20 46 55
20 47 635
20 58 548
20 60 755
20 65 399
20 67 38
20 72 831
20 73 156
20 74 998
20 79 141
20 80 974
20 86 281
21 1 849
21 3 896
21 4 973
21 5 960
21 7 852
21 10 232
21 14 262
21 16 621
21 17 337
21 25 690
21 29 769
21 30 84
21 31 442
21 33 164
21 36 521
21 43 416
21 44 301
21 46 30
21 48 821
21 49 351
21 50 221
21 54 526
21 57 110
21 61 246
21 67 874
21 74 46
21 75 383
21 76 746
21 84 763
21 85 383
21 86 223
21 89 211
22 6 964
22 9 388
22 28 885
22 31 32
22 32 970
22 34 906
22 37 620
22 39 98
22 43 443
22 47 749
22 50 979
22 54 511
22 55 900
22 56 73
22 58 508
22 59 412
22 61 842
22 69 698
22 73 783
22 76 945
22 77 8
22 80 571
22 84 523
22 89 473
22 94 46
22 95 389
22 96 752
22 98 442
22 99 361
23 5 608
23 6 641
23 14 239
23 17 68
23 18 609
23 26 152
23 27 406
23 39 85
23 43 114
23 46 522
23 48 637
23 51 29
23 52 93
23 54 271
23 64 5
23 65 898
23 73 527
23 75 122
23 76 499
23 84 765
23 86 516
23 88 829
23 90 292
23 93 519
23 95 65
23 99 5
24 1 196
24 6 850
24 8 397
24 12 302
24 14 551
24 17 799
24 19 832
24 25 572
24 26 378
24 27 95
24 28 547
24 29 477
24 30 954
24 31 122
24 33 981
24 35 685
24 43 757
24 47 337
24 51 714
24 52 417
24 53 918
24 55 233
24 58 797
24 60 47
24 61 744
24 63 903
24 68 913
24 71 543
24 72 566
24 73 90
24 85 133
24 92 885
24 96 49
24 97 20
25 4 572
25 5 24
25 13 976
25 15 524
25 21 690
25 24 572
25 31 463
25 38 218
25 42 60
25 43 526
25 50 763
25 51 657
25 53 866
25 64 641
25 66 682
25 71 192
25 77 327
25 78 37
25 79 171
25 80 785
25 81 974
25 89 841
25 94 616
25 96 528
25 97 258
25 99 836
26 1 614
26 2 333
26 4 22
26 6 659
26 7 299
26 10 700
26 11 343
26 14 145
26 17 448
26 23 152
26 24 378
26 28 114
26 32 845
26 36 451
26 37 159
26 39 84
26 40 913
26 41 539
26 44 135
26 48 733
26 58 235
26 59 241
26 61 570
26 66 87
26 71 56
26 78 525
26 79 754
26 83 786
26 94 475
26 96 546
26 98 885
26 99 570
27 4 505
27 11 772
27 12 132
27 23 406
27 24 95
27 30 290
27 33 344
27 34 536
27 38 30
27 45 783
27 55 504
27 58 800
27 60 181
27 62 913
27 66 472
27 67 8
27 69 85
27 71 57
27 72 495
27 73 449
27 74 135
27 75 60
27 76 505
27 83 744
27 85 292
27 90 277
27 92 400
27 97 697
27 99 399
28 6 655
28 9 634
28 11 241
28 12 925
28 17 638
28 18 495
28 20 765
28 22 885
28 24 547
28 26 114
28 29 890
28 31 910
28 36 69
28 42 7
28 43 324
28 44 62
28 45 443
28 49 938
28 50 65
28 54 745
28 57 657
28 59 303
28 61 920
28 62 240
28 68 92
28 71 607
28 75 361
28 78 68
28 83 706
28 88 572
28 90 381
28 93 871
29 11 636
29 14 535
29 21 769
29 24 477
29 28 890
29 35 409
29 36 188
29 43 575
29 45 883
29 52 718
29 58 408
29 61 31
29 64 584
29 66 968
29 67 876
29 73 397
29 74 367
29 85 407
29 90 455
29 93 441
29 96 116
29 97 552
29 99 487
30 2 903
30 3 195
30 5 695
30 6 39
30 7 953
30 9 283
30 19 534
30 21 84
30 24 954
30 27 290
30 35 792
30 38 696
30 40 565
30 41 391
30 45 218
30 46 646
30 48 761
30 50 144
30 59 203
30 62 206
30 65 838
30 66 434
30 68 768
30 70 980
30 76 706
30 78 635
30 84 251
30 89 371
30 99 139
31 1 925
31 7 830
31 8 124
31 13 713
31 15 888
31 18 411
31 19 890
31 21 442
31 22 32
31 24 122
31 25 463
31 28 910
31 32 350
31 50 754
31 55 961
31 56 287
31 57 523
31 58 800
31 59 74
31 64 718
31 66 48
31 67 613
31 69 524
31 71 353
31 72 583
31 81 294
31 82 997
31 83 557
31 86 676
31 98 568
32 2 769
32 3 441
32 5 275
32 6 717
32 7 947
32 12 531
32 22 970
32 26 845
32 31 350
32 33 962
32 38 949
32 40 556
32 42 545
32 45 272
32 53 505
32 60 655
32 63 913
32 72 586
32 78 206
32 80 432
32 84 139
32 85 750
32 87 459
32 88 545
32 90 642
32 95 575
32 99 334
33 3 232
33 6 918
33 10 950
33 11 433
33 17 572
33 20 965
33 21 164
33 24 981
33 27 344
33 32 962
33 36 86
33 38 667
33 41 535
33 45 128
33 46 777
33 48 376
33 50 138
33 52 170
33 53 832
33 57 783
33 62 197
33 64 890
33 73 617
33 76 497
33 80 815
33 81 697
33 83 56
33 85 876
33 87 94
33 88 464
33 91 665
34 3 155
34 5 1
34 8 789
34 10 215
34 11 179
34 15 618
34 16 203
34 17 819
34 22 906
34 27 536
34 35 37
34 37 270
34 41 755
34 42 619
34 51 781
34 53 300
34 56 160
34 57 34
34 59 986
34 66 204
34 67 28
34 70 733
34 71 465
34 72 262
34 80 938
34 87 711
34 90 508
34 91 977
34 94 459
34 96 718
35 1 523
35 4 607
35 6 589
35 9 213
35 10 204
35 15 579
35 16 546
35 24 685
35 29 409
35 30 792
35 34 37
35 44 464
35 45 344
35 48 447
35 50 92
35 51 582
35 54 105
35 66 472
35 69 746
35 70 800
35 71 238
35 76 132
35 78 49
35 83 393
35 84 262
35 85 249
35 89 606
35 96 104
35 97 194
35 98 474
35 99 306
36 2 395
36 3 579
36 6 384
36 7 333
36 10 226
36 12 611
36 21 521
36 26 451
36 28 69
36 29 188
36 33 86
36 39 839
36 42 61
36 43 572
36 47 860
36 51 652
36 53 415
36 55 509
36 57 619
36 66 664
36 67 467
36 76 61
36 81 799
36 83 961
36 84 989
36 86 831
36 90 501
36 92 23
36 95 809
36 97 216
36 99 601
37 4 628
37 7 550
37 9 977
37 11 190
37 12 643
37 18 528
37 22 620
37 26 159
37 34 270
37 39 380
37 41 196
37 42 294
37 44 687
37 45 579
37 47 402
37 48 983
37 57 121
37 61 873
37 64 375
37 66 668
37 67 292
37 68 768
37 75 989
37 85 729
37 86 600
37 88 297
37 93 995
37 94 214
37 97 400
37 98 197
38 2 431
38 5 168
38 8 162
38 9 487
38 25 218
38 27 30
38 30 696
38 32 949
38 33 667
38 39 505
38 40 15
38 43 574
38 44 971
38 50 171
38 51 879
38 55 34
38 59 876
38 62 848
38 64 553
38 67 644
38 72 89
38 73 32
38 74 755
38 78 92
38 80 355
38 90 174
38 92 509
38 93 30
38 97 817
38 99 391
39 2 236
39 5 771
39 7 4
39 9 290
39 10 56
39 14 693
39 15 71
39 16 556
39 22 98
39 23 85
39 26 84
39 36 839
39 37 380
39 38 505
39 42 581
39 53 151
39 54 487
39 56 424
39 58 681
39 61 467
39 64 744
39 70 390
39 71 784
39 72 955
39 76 307
39 87 897
39 89 547
39 90 560
39 94 322
39 96 898
40 1 373
40 3 851
40 11 897
40 15 486
40 16 442
40 19 573
40 26 913
40 30 565
40 32 556
40 38 15
40 43 441
40 48 393
40 51 413
40 55 492
40 58 887
40 63 762
40 64 689
40 67 220
40 70 159
40 71 32
40 77 580
40 89 357
40 92 669
40 95 841
40 96 28
40 99 359
41 1 274
41 2 936
41 3 116
41 7 434
41 10 648
41 14 342
41 26 539
41 30 391
41 33 535
41 34 755
41 37 196
41 47 467
41 49 260
41 50 769
41 53 396
41 54 504
41 63 704
41 65 519
41 67 631
41 77 627
41 80 677
41 81 934
41 85 341
41 87 614
41 88 413
41 89 183
41 95 880
41 98 673
42 1 934
42 2 930
42 7 574
42 8 108
42 13 82
42 15 244
42 18 502
42 25 60
42 28 7
42 32 545
42 34 619
42 36 61
42 37 294
42 39 581
42 43 567
42 44 624
42 50 633
42 51 863
42 52 915
42 53 655
42 58 764
42 63 323
42 70 648
42 75 899
42 76 288
42 77 345
42 78 118
42 79 384
42 80 279
42 81 13
42 82 705
42 84 674
42 86 124
42 88 5
42 95 190
43 1 90
43 2 154
43 4 707
43 8 325
43 10 933
43 14 485
43 16 764
43 21 416
43 22 443
43 23 114
43 24 757
43 25 526
43 28 324
43 29 575
43 36 572
43 38 574
43 40 441
43 42 567
43 46 814
43 47 58
43 49 53
43 59 863
43 62 232
43 66 487
43 68 790
43 69 989
43 79 816
43 80 905
43 82 477
43 86 540
43 88 913
43 90 856
43 92 299
43 96 992
43 97 773
43 98 273
44 7 49
44 17 390
44 20 216
44 21 301
44 26 135
44 28 62
44 35 464
44 37 687
44 38 971
44 42 624
44 50 460
44 51 346
44 53 233
44 62 202
44 69 373
44 72 477
44 73 892
44 77 373
44 78 979
44 80 993
44 81 224
44 90 344
44 92 849
44 93 136
44 94 201
44 99 336
45 4 591
45 5 909
45 9 229
45 14 502
45 15 327
45 19 438
45 27 783
45 28 443
45 29 883
45 30 218
45 32 272
45 33 128
45 35 344
45 37 579
45 50 83
45 51 993
45 53 296
45 54 278
45 57 336
45 62 700
45 65 229
45 69 204
45 72 776
45 75 655
45 80 911
45 81 715
45 83 626
45 84 55
45 89 900
45 94 923
45 97 407
45 99 477
46 1 418
46 6 730
46 8 924
46 12 110
46 18 793
46 19 919
46 20 55
46 21 30
46 23 522
46 30 646
46 33 777
46 43 814
46 47 48
46 53 693
46 54 359
46 55 455
46 57 526
46 58 493
46 59 181
46 65 910
46 67 106
46 71 614
46 72 670
46 73 76
46 75 428
46 76 846
46 77 523
46 78 760
46 82 222
46 89 325
46 90 890
46 94 469
46 96 946
47 4 308
47 8 772
47 9 926
47 12 77
47 14 247
47 15 701
47 19 857
47 20 635
47 22 749
47 24 337
47 36 860
47 37 402
47 41 467
47 43 58
47 46 48
47 49 820
47 53 3
47 54 360
47 57 773
47 59 777
47 62 131
47 64 91
47 69 438
47 72 322
47 74 703
47 78 792
47 79 405
47 81 430
47 87 336
47 90 64
47 92 225
47 96 886
47 97 295
47 99 564
48 5 7
48 7 110
48 10 343
48 11 810
48 17 577
48 21 821
48 23 637
48 26 733
48 30 761
48 33 376
48 35 447
48 37 983
48 40 393
48 50 802
48 52 554
48 55 861
48 56 450
48 63 215
48 66 749
48 67 314
48 72 522
48 79 528
48 91 943
48 97 425
49 4 979
49 5 122
49 6 408
49 11 707
49 13 715
49 15 262
49 16 39
49 17 612
49 18 344
49 21 351
49 28 938
49 41 260
49 43 53
49 47 820
49 58 367
49 59 906
49 69 561
49 72 702
49 73 659
49 74 550
49 75 438
49 76 276
49 82 995
49 85 299
49 86 139
49 87 197
49 91 379
49 92 498
49 93 525
49 94 710
49 96 201
50 1 77
50 7 997
50 10 763
50 12 646
50 15 865
50 21 221
50 22 979
50 25 763
50 28 65
50 30 144
50 31 754
50 33 138
50 35 92
50 38 171
50 41 769
50 42 633
50 44 460
50 45 83
50 48 802
50 51 729
50 52 799
50 53 674
50 55 290
50 57 825
50 58 877
50 59 660
50 61 375
50 62 25
50 64 400
50 71 721
50 75 899
50 78 687
50 86 272
50 88 571
50 89 614
50 92 148
50 93 305
50 95 716
50 96 6
50 97 663
51 7 173
51 11 850
51 12 51
51 15 952
51 18 290
51 23 29
51 24 714
51 25 657
51 34 781
51 35 582
51 36 652
51 38 879
51 40 413
51 42 863
51 44 346
51 45 993
51 50 729
51 55 551
51 59 759
51 64 248
51 66 190
51 69 120
51 73 578
51 75 206
51 77 427
51 79 583
51 86 39
51 89 847
51 91 396
51 96 994
51 99 604
52 1 158
52 2 417
52 5 554
52 7 471
52 10 566
52 11 26
52 17 497
52 23 93
52 24 417
52 29 718
52 33 170
52 42 915
52 48 554
52 50 799
52 53 800
52 56 901
52 62 423
52 76 668
52 77 778
52 82 528
52 87 764
52 88 422
52 95 38
52 96 525
52 99 178
53 1 593
53 2 493
53 4 602
53 5 584
53 7 339
53 8 666
53 12 769
53 13 926
53 15 880
53 17 846
53 18 690
53 19 378
53 24 918
53 25 866
53 32 505
53 33 832
53 34 300
53 36 415
53 39 151
53 41 396
53 42 655
53 44 233
53 45 296
53 46 693
53 47 3
53 50 674
53 52 800
53 55 140
53 56 388
53 57 78
53 61 92
53 65 522
53 67 863
53 69 843
53 70 556
53 74 861
53 76 581
53 77 572
53 85 927
53 86 776
53 87 282
53 90 829
53 93 860
53 95 961
54 1 272
54 3 959
54 8 446
54 11 970
54 12 544
54 17 494
54 18 589
54 21 526
54 22 511
54 23 271
54 28 745
54 35 105
54 39 487
54 41 504
54 45 278
54 46 359
54 47 360
54 55 540
54 57 129
54 59 869
54 61 404
54 62 337
54 71 930
54 73 321
54 75 681
54 77 579
54 78 514
54 79 662
54 87 183
54 92 257
54 96 878
54 99 38
55 1 766
55 5 83
55 9 479
55 12 792
55 18 409
55 19 262
55 22 900
55 24 233
55 27 504
55 31 961
55 36 509
55 38 34
55 40 492
55 46 455
55 48 861
55 50 290
55 51 551
55 53 140
55 54 540
55 56 655
55 59 263
55 73 429
55 76 59
55 80 880
55 82 944
55 84 92
55 85 199
56 2 297
56 4 208
56 12 676
56 14 433
56 18 381
56 22 73
56 31 287
56 34 160
56 39 424
56 48 450
56 52 901
56 53 388
56 55 655
56 60 37
56 61 149
56 65 232
56 66 845
56 72 508
56 73 943
56 74 224
56 89 265
56 97 801
56 99 714
57 2 997
57 4 725
57 5 366
57 12 910
57 13 810
57 15 952
57 16 186
57 18 143
57 19 233
57 21 110
57 28 657
57 31 523
57 33 783
57 34 34
57 36 619
57 37 121
57 45 336
57 46 526
57 47 773
57 50 825
57 53 78
57 54 129
57 65 953
57 69 192
57 70 706
57 71 713
57 72 641
57 74 229
57 76 706
57 84 745
57 97 135
57 98 766
58 1 498
58 8 645
58 10 195
58 12 795
58 20 548
58 22 508
58 24 797
58 26 235
58 27 800
58 29 408
58 31 800
58 39 681
58 40 887
58 42 764
58 46 493
58 49 367
58 50 877
58 61 893
58 68 608
58 70 10
58 72 594
58 76 675
58 82 546
58 84 27
58 86 118
58 89 417
58 95 14
58 99 722
59 1 137
59 2 737
59 15 232
59 17 783
59 22 412
59 26 241
59 28 303
59 30 203
59 31 74
59 34 986
59 38 876
59 43 863
59 46 181
59 47 777
59 49 906
59 50 660
59 51 759
59 54 869
59 55 263
59 60 437
59 61 578
59 67 854
59 69 854
59 70 756
59 72 681
59 75 21
59 82 954
59 83 219
59 93 713
59 94 819
59 95 429
59 98 509
59 99 79
60 1 921
60 5 725
60 6 529
60 7 243
60 9 195
60 18 210
60 20 755
60 24 47
60 27 181
60 32 655
60 56 37
60 59 437
60 65 139
60 67 799
60 75 111
60 77 86
60 80 838
60 82 344
60 85 993
60 88 958
60 89 143
60 90 589
60 91 60
60 95 83
60 96 435
60 98 52
60 99 568
61 5 378
61 7 705
61 9 541
61 10 872
61 15 331
61 21 246
61 22 842
61 24 744
61 26 570
61 28 920
61 29 31
61 37 873
61 39 467
61 50 375
61 53 92
61 54 404
61 56 149
61 58 893
61 59 578
61 63 373
61 65 600
61 66 599
61 67 532
61 73 146
61 75 85
61 76 911
61 83 86
61 87 743
61 89 89
61 99 729
62 3 54
62 6 225
62 9 937
62 10 174
62 15 959
62 19 668
62 27 913
62 28 240
62 30 206
62 33 197
62 38 848
62 43 232
62 44 202
62 45 700
62 47 131
62 50 25
62 52 423
62 54 337
62 63 70
62 64 948
62 68 697
62 69 761
62 73 624
62 78 133
62 81 852
62 82 842
62 83 980
62 85 502
62 92 71
62 99 249
63 1 592
63 3 317
63 5 160
63 11 778
63 12 627
63 17 590
63 24 903
63 32 913
63 40 762
63 41 704
63 42 323
63 48 215
63 61 373
63 62 70
63 64 993
63 66 5
63 74 313
63 75 947
63 76 22
63 77 215
63 83 534
63 86 512
63 95 644
63 99 685
64 10 682
64 12 53
64 16 909
64 23 5
64 25 641
64 29 584
64 31 718
64 33 890
64 37 375
64 38 553
64 39 744
64 40 689
64 47 91
64 50 400
64 51 248
64 62 948
64 63 993
64 77 396
64 78 484
64 82 23
64 83 245
64 85 654
64 87 237
64 97 763
65 3 448
65 4 251
65 5 39
65 7 370
65 8 558
65 10 81
65 11 889
65 12 45
65 20 399
65 23 898
65 30 838
65 41 519
65 45 229
65 46 910
65 53 522
65 56 232
65 57 953
65 60 139
65 61 600
65 67 621
65 71 252
65 72 652
65 73 765
65 74 55
65 75 358
65 79 521
65 83 44
65 89 66
65 91 14
65 98 525
66 2 395
66 6 622
66 7 578
66 11 477
66 12 110
66 13 195
66 25 682
66 26 87
66 27 472
66 29 968
66 30 434
66 31 48
66 34 204
66 35 472
66 36 664
66 37 668
66 43 487
66 48 749
66 51 190
66 56 845
66 61 599
66 63 5
66 71 343
66 82 149
66 90 857
66 94 978
67 3 891
67 7 164
67 8 148
67 16 909
67 20 38
67 21 874
67 27 8
67 29 876
67 31 613
67 34 28
67 36 467
67 37 292
67 38 644
67 40 220
67 41 631
67 46 106
67 48 314
67 53 863
67 59 854
67 60 799
67 61 532
67 65 621
67 68 280
67 76 805
67 81 107
67 83 779
67 84 511
67 85 95
68 3 739
68 4 806
68 6 733
68 7 300
68 8 545
68 10 738
68 13 166
68 15 504
68 17 317
68 24 913
68 28 92
68 30 768
68 37 768
68 43 790
68 58 608
68 62 697
68 67 280
68 73 287
68 74 599
68 76 249
68 78 753
68 79 145
68 84 696
68 85 495
68 87 200
68 89 585
68 92 957
68 94 745
69 3 728
69 6 660
69 8 910
69 10 313
69 13 177
69 15 756
69 17 864
69 22 698
69 27 85
69 31 524
69 35 746
69 43 989
69 44 373
69 45 204
69 47 438
69 49 561
69 51 120
69 53 843
69 57 192
69 59 854
69 62 761
69 70 719
69 76 672
69 79 31
69 83 33
69 89 345
69 92 592
69 96 232
70 1 406
70 2 544
70 3 96
70 4 714
70 7 745
70 9 851
70 11 514
70 12 181
70 13 114
70 14 786
70 16 218
70 30 980
70 34 733
70 35 800
70 39 390
70 40 159
70 42 648
70 53 556
70 57 706
70 58 10
70 59 756
70 69 719
70 74 806
70 80 461
70 83 305
70 88 946
70 90 61
70 92 4
70 94 848
70 97 934
70 99 403
71 2 711
71 7 44
71 8 132
71 11 729
71 18 431
71 24 543
71 25 192
71 26 56
71 27 57
71 28 607
71 31 353
71 34 465
71 35 238
71 39 784
71 40 32
71 46 614
71 50 721
71 54 930
71 57 713
71 65 252
71 66 343
71 73 207
71 78 539
71 79 646
71 82 102
71 83 529
71 86 246
71 87 36
71 92 243
71 93 715
71 96 926
72 7 202
72 12 627
72 14 54
72 16 556
72 19 148
72 20 831
72 24 566
72 27 495
72 31 583
72 32 586
72 34 262
72 38 89
72 39 955
72 44 477
72 45 776
72 46 670
72 47 322
72 48 522
72 49 702
72 56 508
72 57 641
72 58 594
72 59 681
72 65 652
72 75 556
72 78 94
72 87 576
72 90 363
72 93 232
73 2 446
73 4 313
73 6 681
73 10 978
73 11 866
73 17 691
73 19 61
73 20 156
73 22 783
73 23 527
73 24 90
73 27 449
73 29 397
73 33 617
73 38 32
73 44 892
73 46 76
73 49 659
73 51 578
73 54 321
73 55 429
73 56 943
73 61 146
73 62 624
73 65 765
73 68 287
73 71 207
73 74 874
73 78 44
73 81 171
73 86 495
73 87 225
73 99 275
74 10 885
74 11 774
74 15 171
74 20 998
74 21 46
74 27 135
74 29 367
74 38 755
74 47 703
74 49 550
74 53 861
74 56 224
74 57 229
74 63 313
74 65 55
74 68 599
74 70 806
74 73 874
74 77 539
74 78 52
74 79 713
74 83 449
74 86 835
74 87 557
74 89 197
74 90 802
74 97 126
74 98 970
75 1 99
75 2 283
75 5 676
75 6 32
75 7 632
75 10 596
75 14 708
75 21 383
75 23 122
75 27 60
75 28 361
75 37 989
75 42 899
75 45 655
75 46 428
75 49 438
75 50 899
75 51 206
75 54 681
75 59 21
75 60 111
75 61 85
75 63 947
75 65 358
75 72 556
75 77 889
75 78 155
75 83 964
75 85 383
75 92 349
75 95 914
76 2 389
76 8 563
76 10 65
76 13 278
76 17 386
76 21 746
76 22 945
76 23 499
76 27 505
76 30 706
76 33 497
76 35 132
76 36 61
76 39 307
76 42 288
76 46 846
76 49 276
76 52 668
76 53 581
76 55 59
76 57 706
76 58 675
76 61 911
76 63 22
76 67 805
76 68 249
76 69 672
76 79 552
76 81 111
76 84 728
76 88 825
76 90 595
76 92 187
76 93 413
76 97 699
77 4 739
77 8 154
77 10 999
77 12 611
77 13 6
77 19 242
77 22 8
77 25 327
77 40 580
77 41 627
77 42 345
77 44 373
77 46 523
77 51 427
77 52 778
77 53 572
77 54 579
77 60 86
77 63 215
77 64 396
77 74 539
77 75 889
77 80 755
77 81 53
77 89 512
77 95 963
77 97 759
78 1 578
78 9 659
78 25 37
78 26 525
78 28 68
78 30 635
78 32 206
78 35 49
78 38 92
78 42 118
78 44 979
78 46 760
78 47 792
78 50 687
78 54 514
78 62 133
78 64 484
78 68 753
78 71 539
78 72 94
78 73 44
78 74 52
78 75 155
78 79 176
78 80 653
78 81 14
78 83 887
78 89 127
78 93 412
78 94 735
78 96 20
78 97 248
78 99 484
79 1 605
79 2 79
79 3 683
79 6 171
79 7 442
79 8 551
79 10 38
79 19 465
79 20 141
79 25 171
79 26 754
79 42 384
79 43 816
79 47 405
79 48 528
79 51 583
79 54 662
79 65 521
79 68 145
79 69 31
79 71 646
79 74 713
79 76 552
79 78 176
79 80 934
79 87 387
79 88 612
79 91 635
80 1 162
80 2 549
80 4 275
80 8 540
80 19 318
80 20 974
80 22 571
80 25 785
80 32 432
80 33 815
80 34 938
80 38 355
80 41 677
80 42 279
80 43 905
80 44 993
80 45 911
80 55 880
80 60 838
80 70 461
80 77 755
80 78 653
80 79 934
80 83 698
80 85 507
80 88 403
80 93 725
80 99 500
81 4 898
81 8 731
81 12 58
81 14 589
81 15 831
81 19 212
81 25 974
81 31 294
81 33 697
81 36 799
81 41 934
81 42 13
81 44 224
81 45 715
81 47 430
81 62 852
81 67 107
81 73 171
81 76 111
81 77 53
81 78 14
81 83 79
81 84 773
81 89 928
81 91 382
81 93 205
81 94 640
81 95 438
81 97 908
82 1 606
82 3 20
82 4 981
82 8 188
82 9 210
82 31 997
82 42 705
82 43 477
82 46 222
82 49 995
82 52 528
82 55 944
82 58 546
82 59 954
82 60 344
82 62 842
82 64 23
82 66 149
82 71 102
82 85 247
82 90 339
82 97 877
83 2 835
83 13 665
83 16 959
83 17 443
83 26 786
83 27 744
83 28 706
83 31 557
83 33 56
83 35 393
83 36 961
83 45 626
83 59 219
83 61 86
83 62 980
83 63 534
83 64 245
83 65 44
83 67 779
83 69 33
83 70 305
83 71 529
83 74 449
83 75 964
83 78 887
83 80 698
83 81 79
83 84 231
83 85 179
83 88 529
83 91 96
83 92 332
83 95 505
84 1 856
84 5 658
84 9 590
84 14 858
84 16 315
84 18 306
84 21 763
84 22 523
84 23 765
84 30 251
84 32 139
84 35 262
84 36 989
84 42 674
84 45 55
84 55 92
84 57 745
84 58 27
84 67 511
84 68 696
84 76 728
84 81 773
84 83 231
84 85 630
84 87 822
84 88 327
84 90 787
84 92 122
84 93 37
85 2 789
85 4 124
85 7 579
85 11 197
85 12 398
85 14 746
85 21 383
85 24 133
85 27 292
85 29 407
85 32 750
85 33 876
85 35 249
85 37 729
85 41 341
85 49 299
85 53 927
85 55 199
85 60 993
85 62 502
85 64 654
85 67 95
85 68 495
85 75 383
85 80 507
85 82 247
85 83 179
85 84 630
85 86 252
85 90 986
85 93 410
86 2 733
86 5 667
86 9 805
86 16 828
86 20 281
86 21 223
86 23 516
86 31 676
86 36 831
86 37 600
86 42 124
86 43 540
86 49 139
86 50 272
86 51 39
86 53 776
86 58 118
86 63 512
86 71 246
86 73 495
86 74 835
86 85 252
86 87 630
86 91 442
86 92 261
86 99 326
87 1 754
87 3 31
87 4 736
87 10 937
87 12 94
87 14 141
87 15 929
87 32 459
87 33 94
87 34 711
87 39 897
87 41 614
87 47 336
87 49 197
87 52 764
87 53 282
87 54 183
87 61 743
87 64 237
87 68 200
87 71 36
87 72 576
87 73 225
87 74 557
87 79 387
87 84 822
87 86 630
87 88 214
87 91 686
87 94 669
87 95 252
87 97 604
88 4 934
88 6 706
88 12 603
88 14 74
88 18 356
88 23 829
88 28 572
88 32 545
88 33 464
88 37 297
88 41 413
88 42 5
88 43 913
88 50 571
88 52 422
88 60 958
88 70 946
88 76 825
88 79 612
88 80 403
88 83 529
88 84 327
88 87 214
88 92 852
88 97 458
89 1 283
89 4 864
89 8 661
89 12 157
89 18 816
89 21 211
89 22 473
89 25 841
89 30 371
89 35 606
89 39 547
89 40 357
89 41 183
89 45 900
89 46 325
89 50 614
89 51 847
89 56 265
89 58 417
89 60 143
89 61 89
89 65 66
89 68 585
89 69 345
89 74 197
89 77 512
89 78 127
89 81 928
89 92 540
89 94 768
89 97 178
90 3 470
90 11 661
90 23 292
90 27 277
90 28 381
90 29 455
90 32 642
90 34 508
90 36 501
90 38 174
90 39 560
90 43 856
90 44 344
90 46 890
90 47 64
90 53 829
90 60 589
90 66 857
90 70 61
90 72 363
90 74 802
90 76 595
90 82 339
90 84 787
90 85 986
90 92 191
90 94 594
91 2 721
91 3 425
91 8 925
91 10 249
91 12 128
91 14 37
91 18 355
91 19 547
91 33 665
91 34 977
91 48 943
91 49 379
91 51 396
91 60 60
91 65 14
91 79 635
91 81 382
91 83 96
91 86 442
91 87 686
91 92 400
91 94 878
91 97 939
91 99 92
92 8 607
92 10 778
92 12 773
92 13 515
92 14 523
92 16 350
92 18 789
92 24 885
92 27 400
92 36 23
92 38 509
92 40 669
92 43 299
92 44 849
92 47 225
92 49 498
92 50 148
92 54 257
92 62 71
92 68 957
92 69 592
92 70 4
92 71 243
92 75 349
92 76 187
92 83 332
92 84 122
92 86 261
92 88 852
92 89 540
92 90 191
92 91 400
92 95 812
92 98 237
93 5 305
93 13 27
93 14 845
93 16 774
93 23 519
93 28 871
93 29 441
93 37 995
93 38 30
93 44 136
93 49 525
93 50 305
93 53 860
93 59 713
93 71 715
93 72 232
93 76 413
93 78 412
93 80 725
93 81 205
93 84 37
93 85 410
93 94 312
93 95 22
93 97 285
93 98 736
94 4 256
94 7 122
94 9 519
94 13 734
94 14 689
94 16 831
94 17 9
94 19 748
94 22 46
94 25 616
94 26 475
94 34 459
94 37 214
94 39 322
94 44 201
94 45 923
94 46 469
94 49 710
94 59 819
94 66 978
94 68 745
94 70 848
94 78 735
94 81 640
94 87 669
94 89 768
94 90 594
94 91 878
94 93 312
94 96 355
94 98 342
95 11 806
95 12 61
95 13 483
95 22 389
95 23 65
95 32 575
95 36 809
95 40 841
95 41 880
95 42 190
95 50 716
95 52 38
95 53 961
95 58 14
95 59 429
95 60 83
95 63 644
95 75 914
95 77 963
95 81 438
95 83 505
95 87 252
95 92 812
95 93 22
95 96 428
96 2 745
96 6 683
96 10 281
96 19 942
96 22 752
96 24 49
96 25 528
96 26 546
96 29 116
96 34 718
96 35 104
96 39 898
96 40 28
96 43 992
96 46 946
96 47 886
96 49 201
96 50 6
96 51 994
96 52 525
96 54 878
96 60 435
96 69 232
96 71 926
96 78 20
96 94 355
96 95 428
96 99 168
97 7 657
97 13 385
97 15 350
97 16 327
97 17 479
97 18 520
97 24 20
97 25 258
97 27 697
97 29 552
97 35 194
97 36 216
97 37 400
97 38 817
97 43 773
97 45 407
97 47 295
97 48 425
97 50 663
97 56 801
97 57 135
97 64 763
97 70 934
97 74 126
97 76 699
97 77 759
97 78 248
97 81 908
97 82 877
97 87 604
97 88 458
97 89 178
97 91 939
97 93 285
98 1 945
98 5 468
98 6 985
98 7 286
98 9 921
98 10 882
98 15 315
98 22 442
98 26 885
98 31 568
98 35 474
98 37 197
98 41 673
98 43 273
98 57 766
98 59 509
98 60 52
98 65 525
98 74 970
98 92 237
98 93 736
98 94 342
1 t 627
2 t 195
16 t 687
22 t 361
23 t 5
25 t 836
26 t 570
27 t 399
29 t 487
30 t 139
32 t 334
35 t 306
36 t 601
38 t 391
40 t 359
44 t 336
45 t 477
47 t 564
51 t 604
52 t 178
54 t 38
56 t 714
58 t 722
59 t 79
60 t 568
61 t 729
62 t 249
63 t 685
70 t 403
73 t 275
78 t 484
80 t 500
86 t 326
91 t 92
96 t 168
