s 2 918
s 3 300
s 8 342
s 9 686
s 11 607
s 13 631
s 25 989
s 27 152
s 29 726
s 32 828
s 34 773
s 38 810
s 40 707
s 41 11
s 43 260
s 45 584
s 47 332
s 50 960
s 51 949
s 57 469
s 59 84
s 64 781
s 65 73
s 66 771
s 74 499
s 76 58
s 77 521
s 83 81
s 86 172
s 93 689
s 94 918
s 104 827
s 106 496
s 108 389
s 116 834
s 117 769
s 124 977
s 126 586
s 130 185
s 132 415
s 133 545
s 139 430
s 140 468
s 145 127
s 146 156
s 148 610
s 149 470
s 151 422
s 154 76
s 157 45
s 161 700
s 162 679
s 165 748
s 169 556
s 172 554
s 175 680
s 177 878
s 183 290
s 187 430
s 189 266
s 190 526
s 192 659
s 193 818
s 196 443
1 2 286
1 4 595
1 12 822
1 16 501
1 22 724
1 23 249
1 25 4
1 29 927
1 32 257
1 34 939
1 36 404
1 37 168
1 38 219
1 41 705
1 42 664
1 60 306
1 62 32
1 66 720
1 67 52
1 79 109
1 80 96
1 83 597
1 85 41
1 86 471
1 88 615
1 89 316
1 91 930
1 96 178
1 111 339
1 113 93
1 118 657
1 119 11
1 124 254
1 125 281
1 128 906
1 135 158
1 140 152
1 144 573
1 147 392
1 150 399
1 151 298
1 155 69
1 157 501
1 160 780
1 165 980
1 167 100
1 172 535
1 177 697
1 178 654
1 180 471
1 181 903
1 182 79
1 185 156
1 188 921
1 191 399
1 193 408
1 195 655
2 1 286
2 8 59
2 9 796
2 14 930
2 28 182
2 31 985
2 32 359
2 36 212
2 38 313
2 43 683
2 46 957
2 47 343
2 49 578
2 50 236
2 55 85
2 56 964
2 57 947
2 60 862
2 63 919
2 64 917
2 71 817
2 75 915
2 79 492
2 84 731
2 85 605
2 87 542
2 89 936
2 91 637
2 92 485
2 93 889
2 95 631
2 97 253
2 101 213
2 103 807
2 114 440
2 116 75
2 117 20
2 122 279
2 127 259
2 128 277
2 133 90
2 134 243
2 146 520
2 152 428
2 155 884
2 156 340
2 157 484
2 161 878
2 163 537
2 165 81
2 177 238
2 179 749
2 183 218
2 186 981
2 196 5
3 5 348
3 8 982
3 13 462
3 14 661
3 15 878
3 18 355
3 23 996
3 25 408
3 28 315
3 29 794
3 30 362
3 31 872
3 32 813
3 38 894
3 42 819
3 43 6
3 45 383
3 48 767
3 67 367
3 68 759
3 70 988
3 71 933
3 72 587
3 73 953
3 76 501
3 78 482
3 85 769
3 86 794
3 92 875
3 97 92
3 103 280
3 110 135
3 117 293
3 118 293
3 124 31
3 125 687
3 126 964
3 147 311
3 148 755
3 156 949
3 157 298
3 159 831
3 160 837
3 161 612
3 162 801
3 163 692
3 164 188
3 170 491
3 172 23
3 181 431
3 184 949
3 191 807
3 193 542
3 196 591
3 199 635
4 1 595
4 9 241
4 10 34
4 11 252
4 15 57
4 17 36
4 28 799
4 31 942
4 36 544
4 40 254
4 48 416
4 50 130
4 53 673
4 58 517
4 64 810
4 65 678
4 67 595
4 69 751
4 82 153
4 89 4
4 93 209
4 98 411
4 100 159
4 101 838
4 107 495
4 108 631
4 109 52
4 112 249
4 114 285
4 117 263
4 122 758
4 125 574
4 129 740
4 134 819
4 140 962
4 141 328
4 144 13
4 145 434
4 146 956
4 147 685
4 151 580
4 152 808
4 155 827
4 156 287
4 165 875
4 166 112
4 168 430
4 169 125
4 170 114
4 172 798
4 178 393
4 181 494
4 185 458
4 186 509
4 189 10
4 190 11
4 196 845
5 3 348
5 7 592
5 8 823
5 12 943
5 18 898
5 21 415
5 23 471
5 27 217
5 28 597
5 33 142
5 36 6
5 39 848
5 40 918
5 46 185
5 52 770
5 54 822
5 61 209
5 62 497
5 64 229
5 67 878
5 69 298
5 72 466
5 74 396
5 79 941
5 85 145
5 86 58
5 92 909
5 103 166
5 105 984
5 107 913
5 108 41
5 111 738
5 112 467
5 114 280
5 117 574
5 120 791
5 121 319
5 123 130
5 128 997
5 136 770
5 140 550
5 142 80
5 148 254
5 150 13
5 151 63
5 155 118
5 158 914
5 160 306
5 165 815
5 167 15
5 169 902
5 170 351
5 172 759
5 179 786
5 181 625
5 183 62
5 191 252
5 195 224
5 198 205
6 16 921
6 17 219
6 18 390
6 22 95
6 23 838
6 27 427
6 33 440
6 40 652
6 41 365
6 42 193
6 45 878
6 47 575
6 49 734
6 53 671
6 54 272
6 60 343
6 63 440
6 72 300
6 76 901
6 77 141
6 79 968
6 80 266
6 81 388
6 82 930
6 85 629
6 88 584
6 91 928
6 93 386
6 96 90
6 98 128
6 100 681
6 104 642
6 106 469
6 111 894
6 114 98
6 119 993
6 120 582
6 123 20
6 124 496
6 128 69
6 133 316
6 138 313
6 139 414
6 140 575
6 143 23
6 146 543
6 147 331
6 148 667
6 153 369
6 157 405
6 159 971
6 160 52
6 161 650
6 162 341
6 166 877
6 170 830
6 173 779
6 179 219
6 180 765
6 182 597
6 189 475
6 191 941
6 192 524
6 199 623
7 5 592
7 9 413
7 12 20
7 20 811
7 25 115
7 26 758
7 37 754
7 40 750
7 41 761
7 43 362
7 46 581
7 52 136
7 53 161
7 55 34
7 62 294
7 63 864
7 64 936
7 65 670
7 69 386
7 70 813
7 73 554
7 75 103
7 77 459
7 79 472
7 82 781
7 83 702
7 89 803
7 91 813
7 93 426
7 97 818
7 98 937
7 107 529
7 109 13
7 110 924
7 114 950
7 117 419
7 118 399
7 119 829
7 123 16
7 126 508
7 131 342
7 133 694
7 138 926
7 139 834
7 145 559
7 146 789
7 147 704
7 150 368
7 156 143
7 157 284
7 160 273
7 161 665
7 163 807
7 171 431
7 174 115
7 176 990
7 177 767
7 178 447
7 180 816
7 183 573
7 189 290
7 191 433
7 196 732
8 2 59
8 3 982
8 5 823
8 11 653
8 17 343
8 20 420
8 25 935
8 30 389
8 34 481
8 35 754
8 36 972
8 37 710
8 38 309
8 41 306
8 45 19
8 46 351
8 47 136
8 53 70
8 56 74
8 61 907
8 63 710
8 64 271
8 69 594
8 71 113
8 74 973
8 84 539
8 85 40
8 86 875
8 87 810
8 91 392
8 95 467
8 98 203
8 99 732
8 101 667
8 102 178
8 107 830
8 108 838
8 109 457
8 113 386
8 135 553
8 139 953
8 141 970
8 142 525
8 146 239
8 148 341
8 151 52
8 156 906
8 160 200
8 162 271
8 173 481
8 177 835
8 180 164
8 182 745
8 184 408
8 186 279
8 193 424
8 194 87
8 199 220
9 2 796
9 4 241
9 7 413
9 10 885
9 11 809
9 20 717
9 23 411
9 25 176
9 26 192
9 31 613
9 40 48
9 52 512
9 54 318
9 61 773
9 66 338
9 67 245
9 75 992
9 77 859
9 81 486
9 85 233
9 88 176
9 89 712
9 90 125
9 91 431
9 94 292
9 96 624
9 100 179
9 105 66
9 106 537
9 110 823
9 111 88
9 112 677
9 118 354
9 119 128
9 133 463
9 134 56
9 135 823
9 137 443
9 142 428
9 147 146
9 152 750
9 154 990
9 157 108
9 159 789
9 163 931
9 167 908
9 168 556
9 169 33
9 171 326
9 172 459
9 173 11
9 175 534
9 176 64
9 179 12
9 191 996
9 192 741
9 193 359
9 198 205
10 4 34
10 9 885
10 17 653
10 18 467
10 19 761
10 23 280
10 27 863
10 30 668
10 31 263
10 32 751
10 35 215
10 40 422
10 42 552
10 45 216
10 50 247
10 51 258
10 57 874
10 59 346
10 60 124
10 62 879
10 64 432
10 73 940
10 75 812
10 78 758
10 80 267
10 81 941
10 83 599
10 87 173
10 91 565
10 92 858
10 94 647
10 95 490
10 99 766
10 102 165
10 103 930
10 105 255
10 107 151
10 108 855
10 109 15
10 111 940
10 112 392
10 115 860
10 117 428
10 121 158
10 123 37
10 128 348
10 130 518
10 131 922
10 133 606
10 134 104
10 137 693
10 140 329
10 145 843
10 147 421
10 148 368
10 152 92
10 153 981
10 155 181
10 160 710
10 167 207
10 169 626
10 171 126
10 173 850
10 174 765
10 182 419
10 186 37
10 187 427
10 198 329
10 199 628
11 4 252
11 8 653
11 9 809
11 13 105
11 14 990
11 15 921
11 20 208
11 23 898
11 27 106
11 30 415
11 31 338
11 32 14
11 35 161
11 36 985
11 37 713
11 44 780
11 50 389
11 51 339
11 54 789
11 57 931
11 61 997
11 64 757
11 67 127
11 72 14
11 74 198
11 78 955
11 80 231
11 81 760
11 83 494
11 93 39
11 94 719
11 95 754
11 98 679
11 102 89
11 103 193
11 104 788
11 108 88
11 109 680
11 112 865
11 117 492
11 120 201
11 124 13
11 127 556
11 129 989
11 132 565
11 133 323
11 136 274
11 141 874
11 145 475
11 148 729
11 150 592
11 151 155
11 153 609
11 155 838
11 163 909
11 166 383
11 169 88
11 173 738
11 175 648
11 176 226
11 179 417
11 181 617
11 183 112
11 188 267
11 191 645
11 195 337
12 1 822
12 5 943
12 7 20
12 13 573
12 15 653
12 28 776
12 29 331
12 32 163
12 34 172
12 35 496
12 37 950
12 40 396
12 41 602
12 43 567
12 46 241
12 48 237
12 49 876
12 50 448
12 52 749
12 53 439
12 59 167
12 60 768
12 61 240
12 62 718
12 67 476
12 68 274
12 69 827
12 70 536
12 75 353
12 81 784
12 84 384
12 88 116
12 90 981
12 93 502
12 95 131
12 98 618
12 100 472
12 101 138
12 103 609
12 106 449
12 107 697
12 109 263
12 111 173
12 113 419
12 116 486
12 119 270
12 121 579
12 125 122
12 126 144
12 129 412
12 132 595
12 133 528
12 134 609
12 139 208
12 143 124
12 149 145
12 154 211
12 158 759
12 159 723
12 160 513
12 161 68
12 162 259
12 167 348
12 168 611
12 175 1000
12 184 44
12 185 240
12 189 900
12 193 454
12 195 740
12 198 110
13 3 462
13 11 105
13 12 573
13 16 419
13 17 409
13 20 283
13 23 761
13 34 114
13 43 267
13 48 556
13 49 499
13 51 544
13 53 592
13 54 658
13 56 808
13 57 532
13 60 859
13 61 103
13 63 170
13 65 147
13 71 105
13 72 899
13 76 952
13 78 570
13 80 284
13 82 699
13 83 255
13 86 89
13 91 453
13 97 915
13 98 117
13 99 769
13 102 285
13 104 429
13 117 692
13 119 577
13 121 860
13 123 112
13 124 692
13 127 833
13 133 832
13 143 801
13 147 814
13 148 201
13 149 390
13 153 385
13 154 297
13 156 718
13 161 954
13 166 602
13 167 630
13 170 729
13 181 372
13 182 736
13 185 795
13 186 478
13 187 812
13 192 461
13 194 10
14 2 930
14 3 661
14 11 990
14 21 632
14 23 320
14 28 684
14 29 881
14 30 167
14 32 391
14 39 589
14 46 108
14 48 552
14 58 950
14 64 232
14 68 65
14 73 808
14 76 16
14 77 142
14 82 874
14 83 490
14 84 736
14 85 860
14 87 957
14 88 587
14 89 500
14 92 302
14 97 423
14 98 354
14 101 951
14 106 724
14 107 413
14 110 3
14 112 702
14 122 942
14 129 31
14 132 579
14 136 224
14 139 435
14 140 262
14 145 468
14 146 899
14 149 333
14 150 645
14 152 583
14 154 308
14 156 477
14 159 381
14 164 884
14 169 796
14 175 256
14 179 685
14 180 820
14 187 420
14 188 181
14 193 298
14 194 699
14 195 779
14 197 177
14 198 954
15 3 878
15 4 57
15 11 921
15 12 653
15 19 42
15 23 39
15 27 7
15 34 759
15 43 527
15 44 957
15 45 703
15 46 586
15 49 380
15 53 364
15 60 824
15 62 783
15 64 4
15 66 76
15 77 455
15 78 51
15 83 1
15 85 957
15 86 771
15 90 828
15 94 398
15 95 154
15 98 785
15 103 831
15 108 495
15 115 738
15 117 473
15 124 789
15 127 550
15 133 621
15 136 442
15 139 223
15 150 470
15 154 78
15 157 314
15 168 681
15 178 857
15 179 546
15 180 386
15 181 383
15 182 842
15 184 118
15 186 341
15 189 388
15 192 425
15 195 792
15 197 475
15 198 661
15 199 664
16 1 501
16 6 921
16 13 419
16 17 286
16 21 440
16 22 588
16 25 46
16 29 473
16 33 171
16 36 614
16 37 162
16 39 668
16 44 758
16 46 184
16 47 930
16 48 875
16 51 185
16 53 58
16 57 622
16 60 771
16 64 981
16 65 732
16 66 793
16 76 32
16 78 858
16 79 768
16 84 397
16 85 634
16 93 956
16 95 535
16 96 274
16 100 833
16 103 838
16 104 514
16 106 780
16 109 499
16 112 770
16 115 465
16 117 796
16 119 990
16 120 929
16 122 20
16 124 357
16 126 145
16 129 143
16 133 747
16 135 477
16 138 555
16 142 371
16 144 437
16 155 233
16 157 371
16 161 34
16 162 632
16 163 37
16 164 818
16 165 83
16 169 426
16 172 247
16 174 650
16 179 244
16 183 186
16 184 846
16 188 663
16 190 532
16 193 489
16 195 169
17 4 36
17 6 219
17 8 343
17 10 653
17 13 409
17 16 286
17 22 106
17 25 692
17 26 615
17 28 844
17 31 926
17 35 840
17 38 367
17 40 977
17 42 699
17 44 48
17 47 565
17 52 68
17 54 405
17 58 214
17 61 793
17 65 83
17 70 146
17 73 116
17 78 341
17 88 170
17 92 975
17 96 457
17 99 686
17 117 187
17 119 421
17 120 611
17 121 91
17 124 70
17 126 632
17 128 615
17 130 805
17 131 226
17 132 543
17 135 176
17 136 343
17 141 515
17 142 105
17 145 499
17 146 39
17 152 696
17 155 36
17 156 191
17 164 524
17 165 60
17 166 182
17 167 50
17 169 143
17 175 823
17 176 284
17 181 367
17 182 906
17 183 720
17 184 893
17 185 416
17 187 869
17 191 221
17 194 598
17 199 606
18 3 355
18 5 898
18 6 390
18 10 467
18 19 831
18 20 663
18 25 625
18 27 439
18 35 847
18 41 661
18 43 433
18 44 266
18 49 850
18 51 543
18 52 194
18 53 148
18 57 64
18 60 608
18 65 753
18 66 776
18 67 386
18 72 366
18 73 985
18 74 935
18 75 205
18 83 361
18 89 390
18 91 211
18 95 239
18 98 541
18 99 184
18 101 321
18 106 807
18 107 706
18 109 178
18 113 879
18 114 637
18 115 698
18 116 189
18 117 196
18 119 404
18 121 976
18 123 916
18 125 398
18 127 271
18 129 378
18 130 396
18 134 811
18 138 154
18 140 715
18 141 61
18 145 307
18 149 781
18 150 164
18 152 886
18 153 568
18 155 533
18 159 941
18 161 338
18 164 755
18 165 601
18 168 142
18 170 866
18 172 502
18 174 104
18 178 557
18 186 996
18 198 902
19 10 761
19 15 42
19 18 831
19 22 588
19 24 846
19 25 426
19 26 768
19 27 228
19 28 124
19 29 777
19 30 271
19 35 578
19 37 574
19 41 22
19 42 657
19 43 58
19 44 890
19 46 149
19 55 564
19 57 332
19 59 57
19 61 99
19 64 9
19 67 100
19 68 193
19 69 132
19 72 755
19 73 809
19 79 456
19 80 751
19 81 962
19 82 48
19 85 637
19 96 763
19 103 577
19 104 254
19 111 453
19 113 439
19 114 811
19 115 25
19 119 149
19 123 353
19 124 608
19 128 112
19 132 269
19 134 679
19 137 121
19 139 727
19 145 87
19 153 976
19 155 677
19 157 814
19 163 437
19 165 792
19 166 868
19 170 668
19 172 177
19 178 314
19 183 828
19 187 745
19 188 584
19 193 695
20 7 811
20 8 420
20 9 717
20 11 208
20 13 283
20 18 663
20 33 497
20 34 229
20 35 285
20 36 330
20 41 69
20 47 554
20 58 938
20 59 432
20 64 991
20 66 449
20 71 740
20 73 983
20 74 561
20 77 778
20 78 237
20 79 788
20 80 642
20 82 545
20 83 260
20 84 787
20 87 300
20 88 392
20 90 763
20 91 61
20 92 142
20 94 403
20 96 868
20 102 417
20 106 863
20 111 225
20 113 474
20 115 121
20 116 946
20 117 159
20 119 599
20 121 996
20 127 563
20 130 134
20 138 458
20 140 195
20 141 909
20 144 295
20 146 604
20 147 942
20 149 149
20 150 32
20 152 108
20 153 135
20 157 328
20 161 88
20 166 559
20 167 178
20 169 897
20 170 479
20 172 411
20 174 646
20 175 734
20 177 929
20 179 999
20 180 582
20 181 666
20 182 946
20 189 273
20 190 747
20 193 567
20 194 488
20 197 394
20 198 90
20 199 511
21 5 415
21 14 632
21 16 440
21 23 491
21 26 289
21 30 798
21 38 431
21 39 123
21 40 924
21 44 745
21 48 198
21 50 453
21 51 898
21 57 946
21 58 961
21 59 278
21 63 707
21 67 426
21 70 396
21 71 373
21 73 832
21 76 373
21 101 418
21 106 18
21 114 122
21 117 867
21 120 51
21 125 242
21 128 979
21 135 171
21 141 490
21 147 727
21 150 298
21 151 331
21 154 170
21 155 571
21 156 557
21 161 541
21 166 933
21 168 398
21 173 489
21 178 132
21 179 804
21 185 812
21 188 718
21 189 57
21 190 356
21 194 890
22 1 724
22 6 95
22 16 588
22 17 106
22 19 588
22 24 866
22 26 336
22 28 509
22 33 549
22 34 858
22 36 555
22 40 870
22 46 520
22 50 248
22 52 376
22 54 954
22 59 130
22 67 786
22 72 603
22 75 110
22 81 228
22 83 416
22 85 244
22 89 792
22 90 943
22 91 34
22 93 575
22 99 490
22 105 553
22 106 611
22 109 650
22 111 593
22 113 500
22 115 742
22 117 114
22 121 508
22 125 663
22 131 90
22 132 681
22 138 314
22 141 568
22 142 34
22 144 953
22 145 276
22 150 402
22 153 285
22 155 870
22 159 444
22 161 528
22 164 323
22 176 542
22 178 185
22 180 55
22 187 850
22 189 971
22 191 994
23 1 249
23 3 996
23 5 471
23 6 838
23 9 411
23 10 280
23 11 898
23 13 761
23 14 320
23 15 39
23 21 491
23 38 902
23 39 23
23 40 663
23 43 229
23 45 31
23 46 801
23 49 17
23 50 823
23 52 770
23 54 56
23 56 942
23 62 32
23 64 681
23 65 799
23 66 205
23 76 625
23 77 306
23 79 46
23 82 222
23 86 25
23 89 876
23 94 472
23 95 145
23 103 924
23 104 439
23 105 291
23 109 976
23 110 713
23 113 705
23 119 670
23 121 720
23 136 10
23 138 568
23 140 508
23 146 107
23 152 376
23 153 894
23 158 16
23 172 940
23 173 589
23 176 916
23 177 894
23 186 39
23 192 384
23 193 208
23 196 698
24 19 846
24 22 866
24 26 444
24 28 178
24 29 742
24 31 634
24 34 990
24 41 132
24 44 228
24 45 158
24 52 887
24 55 306
24 58 495
24 60 593
24 61 733
24 66 320
24 69 468
24 77 737
24 78 384
24 81 484
24 84 953
24 87 664
24 89 562
24 94 254
24 97 284
24 101 293
24 106 207
24 108 772
24 109 120
24 110 652
24 111 481
24 113 13
24 114 599
24 116 956
24 121 118
24 123 696
24 128 421
24 129 213
24 132 686
24 133 852
24 136 747
24 137 876
24 143 764
24 144 743
24 152 331
24 153 220
24 154 909
24 161 769
24 163 546
24 170 14
24 171 31
24 174 989
24 175 986
24 176 374
24 179 697
24 190 250
24 192 633
24 194 486
24 195 412
24 197 574
25 1 4
25 3 408
25 7 115
25 8 935
25 9 176
25 16 46
25 17 692
25 18 625
25 19 426
25 27 250
25 28 837
25 29 580
25 30 490
25 31 81
25 35 851
25 38 576
25 41 254
25 48 918
25 51 957
25 52 851
25 55 665
25 56 371
25 57 794
25 61 808
25 66 67
25 72 656
25 79 587
25 90 812
25 94 956
25 95 891
25 98 512
25 99 911
25 103 779
25 107 484
25 111 569
25 114 548
25 115 410
25 118 403
25 121 884
25 123 220
25 127 163
25 130 141
25 131 813
25 143 717
25 146 856
25 148 747
25 149 898
25 157 296
25 159 787
25 164 677
25 170 559
25 177 775
25 181 7
25 182 662
25 185 821
25 188 901
25 189 117
25 191 638
25 195 661
25 197 969
25 199 40
26 7 758
26 9 192
26 17 615
26 19 768
26 21 289
26 22 336
26 24 444
26 30 591
26 32 203
26 34 300
26 37 714
26 43 75
26 44 689
26 45 615
26 47 310
26 48 212
26 50 144
26 54 119
26 57 745
26 59 961
26 61 124
26 62 276
26 72 976
26 74 806
26 79 674
26 86 197
26 91 899
26 94 679
26 104 773
26 111 253
26 112 640
26 114 676
26 116 138
26 118 220
26 123 687
26 125 858
26 127 749
26 138 33
26 139 248
26 140 270
26 141 940
26 142 626
26 143 305
26 144 998
26 147 973
26 149 573
26 157 889
26 161 225
26 166 132
26 170 15
26 173 493
26 177 415
26 184 814
26 185 827
26 186 166
26 192 833
27 5 217
27 6 427
27 10 863
27 11 106
27 15 7
27 18 439
27 19 228
27 25 250
27 29 511
27 32 885
27 33 72
27 36 756
27 39 373
27 40 923
27 41 993
27 42 454
27 46 133
27 48 752
27 49 788
27 51 755
27 53 516
27 57 916
27 62 150
27 72 58
27 76 842
27 77 630
27 78 589
27 90 901
27 92 115
27 94 567
27 101 215
27 104 763
27 105 521
27 106 895
27 109 628
27 116 591
27 119 54
27 126 878
27 127 245
27 128 676
27 133 544
27 134 124
27 144 335
27 149 32
27 150 262
27 152 834
27 153 961
27 155 481
27 160 224
27 161 985
27 162 796
27 166 327
27 167 839
27 169 119
27 170 480
27 173 117
27 174 534
27 176 248
27 178 186
27 183 579
27 187 295
27 195 974
27 196 974
28 2 182
28 3 315
28 4 799
28 5 597
28 12 776
28 14 684
28 17 844
28 19 124
28 22 509
28 24 178
28 25 837
28 30 996
28 35 175
28 41 19
28 43 947
28 45 798
28 49 363
28 51 900
28 62 520
28 64 474
28 67 989
28 75 912
28 77 453
28 88 612
28 90 276
28 92 252
28 93 805
28 99 796
28 103 458
28 111 462
28 112 962
28 118 61
28 120 933
28 124 392
28 131 111
28 137 442
28 138 213
28 139 450
28 142 507
28 143 248
28 146 157
28 148 434
28 149 176
28 154 190
28 161 943
28 163 666
28 165 990
28 166 506
28 173 22
28 175 716
28 178 293
28 182 484
28 187 175
28 193 284
28 197 619
28 199 118
29 1 927
29 3 794
29 12 331
29 14 881
29 16 473
29 19 777
29 24 742
29 25 580
29 27 511
29 32 662
29 33 698
29 34 415
29 35 240
29 38 250
29 40 424
29 43 498
29 50 296
29 51 492
29 54 318
29 55 989
29 58 86
29 62 711
29 63 615
29 65 814
29 67 643
29 71 547
29 76 595
29 78 848
29 79 842
29 88 402
29 95 794
29 102 627
29 106 822
29 107 419
29 110 209
29 114 35
29 115 893
29 116 656
29 118 485
29 119 952
29 126 717
29 131 51
29 133 73
29 134 826
29 140 955
29 141 715
29 146 808
29 148 758
29 152 516
29 153 80
29 155 883
29 156 505
29 161 45
29 164 599
29 167 809
29 168 259
29 170 396
29 173 168
29 179 888
29 180 839
29 186 43
29 192 324
29 195 22
29 196 429
29 198 759
30 3 362
30 8 389
30 10 668
30 11 415
30 14 167
30 19 271
30 21 798
30 25 490
30 26 591
30 28 996
30 33 547
30 36 825
30 39 577
30 41 740
30 42 316
30 44 975
30 46 53
30 49 636
30 51 632
30 55 72
30 57 523
30 59 972
30 63 642
30 64 455
30 67 607
30 70 717
30 71 223
30 74 63
30 76 493
30 77 774
30 80 378
30 81 486
30 84 976
30 94 744
30 95 951
30 98 219
30 101 306
30 102 688
30 104 731
30 116 117
30 121 970
30 122 789
30 126 709
30 127 576
30 131 457
30 132 284
30 136 859
30 138 488
30 140 691
30 141 702
30 144 715
30 151 75
30 153 849
30 154 734
30 155 816
30 156 869
30 164 488
30 166 922
30 169 57
30 170 983
30 172 370
30 173 108
30 174 306
30 175 250
30 177 39
30 178 224
30 181 598
30 182 111
30 185 35
30 187 36
30 190 770
30 191 493
30 197 15
31 2 985
31 3 872
31 4 942
31 9 613
31 10 263
31 11 338
31 17 926
31 24 634
31 25 81
31 33 44
31 47 730
31 48 766
31 51 821
31 54 635
31 62 53
31 70 164
31 71 742
31 73 416
31 76 333
31 79 953
31 81 481
31 82 286
31 86 356
31 87 760
31 88 842
31 89 431
31 90 732
31 95 100
31 98 869
31 100 831
31 108 176
31 109 287
31 116 258
31 117 31
31 118 451
31 123 892
31 124 33
31 126 673
31 129 787
31 130 919
31 133 203
31 135 97
31 138 967
31 142 92
31 144 303
31 145 234
31 147 543
31 149 369
31 156 40
31 160 5
31 161 130
31 163 493
31 164 485
31 169 938
31 171 213
31 178 229
31 179 580
31 182 818
31 183 84
31 187 504
31 189 631
31 194 164
32 1 257
32 2 359
32 3 813
32 10 751
32 11 14
32 12 163
32 14 391
32 26 203
32 27 885
32 29 662
32 35 149
32 41 776
32 46 978
32 48 42
32 53 197
32 63 613
32 67 534
32 70 834
32 74 269
32 75 211
32 79 269
32 80 815
32 86 839
32 88 770
32 93 882
32 106 535
32 107 711
32 110 256
32 112 953
32 117 101
32 120 552
32 121 835
32 126 446
32 138 943
32 141 856
32 142 701
32 149 964
32 151 531
32 158 649
32 163 575
32 165 311
32 173 851
32 175 321
32 179 862
32 182 904
32 184 487
32 199 692
33 5 142
33 6 440
33 16 171
33 20 497
33 22 549
33 27 72
33 29 698
33 30 547
33 31 44
33 40 816
33 43 856
33 45 179
33 48 195
33 50 335
33 53 844
33 54 61
33 59 383
33 60 585
33 61 987
33 66 411
33 68 714
33 72 526
33 73 117
33 76 854
33 82 736
33 84 42
33 90 25
33 93 54
33 98 580
33 100 934
33 102 458
33 106 930
33 115 569
33 117 93
33 118 784
33 120 225
33 122 516
33 124 176
33 126 738
33 143 312
33 144 609
33 156 184
33 157 805
33 160 634
33 162 238
33 166 447
33 167 367
33 168 934
33 172 812
33 176 333
33 178 167
33 185 442
33 187 99
33 189 511
33 190 81
33 194 486
33 199 978
34 1 939
34 8 481
34 12 172
34 13 114
34 15 759
34 20 229
34 22 858
34 24 990
34 26 300
34 29 415
34 37 495
34 42 801
34 43 519
34 46 663
34 53 23
34 56 650
34 61 74
34 63 252
34 69 485
34 71 258
34 76 499
34 83 688
34 86 485
34 87 541
34 91 98
34 98 258
34 105 419
34 106 502
34 110 276
34 111 534
34 112 653
34 116 186
34 125 617
34 132 700
34 134 604
34 139 886
34 144 588
34 146 410
34 150 256
34 151 90
34 161 650
34 162 818
34 163 20
34 170 391
34 171 794
34 173 783
34 180 237
34 181 279
34 185 736
34 186 375
34 188 388
34 189 242
34 192 188
34 196 419
35 8 754
35 10 215
35 11 161
35 12 496
35 17 840
35 18 847
35 19 578
35 20 285
35 25 851
35 28 175
35 29 240
35 32 149
35 37 909
35 40 846
35 41 186
35 43 635
35 44 217
35 46 461
35 50 254
35 52 680
35 53 710
35 54 653
35 56 523
35 57 975
35 58 422
35 59 286
35 60 64
35 66 115
35 70 532
35 75 758
35 76 960
35 78 25
35 79 220
35 87 261
35 92 923
35 96 695
35 97 435
35 103 261
35 106 863
35 113 988
35 126 138
35 133 542
35 134 430
35 135 755
35 140 882
35 141 757
35 142 992
35 146 989
35 147 20
35 148 623
35 150 142
35 151 525
35 153 237
35 155 675
35 156 198
35 158 823
35 160 840
35 161 386
35 166 565
35 169 340
35 170 713
35 172 270
35 173 304
35 174 420
35 176 677
35 177 928
35 181 96
35 182 912
35 184 792
35 185 220
35 188 572
35 193 321
35 194 415
35 196 401
35 199 858
36 1 404
36 2 212
36 4 544
36 5 6
36 8 972
36 11 985
36 16 614
36 20 330
36 22 555
36 27 756
36 30 825
36 40 92
36 42 254
36 43 487
36 44 765
36 54 126
36 55 632
36 59 928
36 66 651
36 68 371
36 77 666
36 80 158
36 85 409
36 86 783
36 91 171
36 96 26
36 98 131
36 101 53
36 103 510
36 107 47
36 112 669
36 113 48
36 114 53
36 118 850
36 123 88
36 131 209
36 132 420
36 134 105
36 142 924
36 145 908
36 147 556
36 149 411
36 150 300
36 155 668
36 159 701
36 160 393
36 161 771
36 162 759
36 164 84
36 165 880
36 169 124
36 172 837
36 173 432
36 174 991
36 180 433
36 181 104
36 183 213
36 192 116
36 193 700
36 196 895
36 198 615
37 1 168
37 7 754
37 8 710
37 11 713
37 12 950
37 16 162
37 19 574
37 26 714
37 34 495
37 35 909
37 40 591
37 44 884
37 46 918
37 49 592
37 58 323
37 60 913
37 66 576
37 68 925
37 71 763
37 73 767
37 75 961
37 76 590
37 78 588
37 80 931
37 81 485
37 82 312
37 84 506
37 85 869
37 86 467
37 89 810
37 90 922
37 97 445
37 102 237
37 103 509
37 111 601
37 114 461
37 119 58
37 121 13
37 122 978
37 125 979
37 127 681
37 128 88
37 129 371
37 130 70
37 132 731
37 140 716
37 143 764
37 149 35
37 150 132
37 157 744
37 158 640
37 163 983
37 164 948
37 165 350
37 168 781
37 171 784
37 172 479
37 173 681
37 179 983
37 181 201
37 183 985
37 184 765
37 188 370
37 189 245
37 193 390
37 199 146
38 1 219
38 2 313
38 3 894
38 8 309
38 17 367
38 21 431
38 23 902
38 25 576
38 29 250
38 39 527
38 40 254
38 41 127
38 44 70
38 45 322
38 49 316
38 50 962
38 52 344
38 53 585
38 59 161
38 62 583
38 66 150
38 71 735
38 72 771
38 75 275
38 79 932
38 80 773
38 83 275
38 97 53
38 102 106
38 104 335
38 107 939
38 114 61
38 115 861
38 119 140
38 124 393
38 128 762
38 129 315
38 130 966
38 131 114
38 134 928
38 137 741
38 139 421
38 143 450
38 145 330
38 148 741
38 151 814
38 162 848
38 163 598
38 164 705
38 165 591
38 171 837
38 172 600
38 185 261
38 186 52
38 188 632
38 189 476
38 190 415
38 192 174
38 193 542
39 5 848
39 14 589
39 16 668
39 21 123
39 23 23
39 27 373
39 30 577
39 38 527
39 41 415
39 47 936
39 48 354
39 56 138
39 58 969
39 62 900
39 68 143
39 69 837
39 73 563
39 74 86
39 75 461
39 79 833
39 82 126
39 85 830
39 87 227
39 88 656
39 92 866
39 95 590
39 96 263
39 97 403
39 98 570
39 99 132
39 105 566
39 109 867
39 113 753
39 116 90
39 119 362
39 121 132
39 127 81
39 133 366
39 135 396
39 136 984
39 143 532
39 144 16
39 153 372
39 155 959
39 162 93
39 163 364
39 164 661
39 165 58
39 166 600
39 168 556
39 169 683
39 171 468
39 173 68
39 175 198
39 176 479
39 181 693
39 183 795
39 188 487
39 191 786
39 195 960
39 199 763
40 4 254
40 5 918
40 6 652
40 7 750
40 9 48
40 10 422
40 12 396
40 17 977
40 21 924
40 22 870
40 23 663
40 27 923
40 29 424
40 33 816
40 35 846
40 36 92
40 37 591
40 38 254
40 45 238
40 47 867
40 48 864
40 49 199
40 50 656
40 57 651
40 63 589
40 65 773
40 68 192
40 70 277
40 72 247
40 74 925
40 77 905
40 80 990
40 82 726
40 83 293
40 84 633
40 90 212
40 92 923
40 96 891
40 102 660
40 111 562
40 114 548
40 115 316
40 117 825
40 120 648
40 123 24
40 124 366
40 126 963
40 127 661
40 128 681
40 136 893
40 137 886
40 141 605
40 142 725
40 145 798
40 146 199
40 149 952
40 152 946
40 154 776
40 155 920
40 160 357
40 165 268
40 167 749
40 170 669
40 171 574
40 172 976
40 173 677
40 186 989
40 191 213
41 1 705
41 6 365
41 7 761
41 8 306
41 12 602
41 18 661
41 19 22
41 20 69
41 24 132
41 25 254
41 27 993
41 28 19
41 30 740
41 32 776
41 35 186
41 38 127
41 39 415
41 44 995
41 45 59
41 47 514
41 50 384
41 52 658
41 53 505
41 55 270
41 57 628
41 58 777
41 60 754
41 62 870
41 63 874
41 70 673
41 72 280
41 73 755
41 76 837
41 80 930
41 83 661
41 84 290
41 85 512
41 87 645
41 98 774
41 102 817
41 106 886
41 114 210
41 119 426
41 127 919
41 130 922
41 131 164
41 136 196
41 146 85
41 150 228
41 151 384
41 158 698
41 163 994
41 173 343
41 177 213
41 182 751
41 183 372
41 184 61
41 185 869
41 187 727
41 191 758
41 193 634
41 194 942
41 197 686
41 198 237
41 199 157
42 1 664
42 3 819
42 6 193
42 10 552
42 17 699
42 19 657
42 27 454
42 30 316
42 34 801
42 36 254
42 50 651
42 51 152
42 56 617
42 58 162
42 61 501
42 62 173
42 69 637
42 78 618
42 83 154
42 85 384
42 88 842
42 89 409
42 94 474
42 98 488
42 101 186
42 103 189
42 105 818
42 108 616
42 114 452
42 115 430
42 125 976
42 129 908
42 130 658
42 132 449
42 138 82
42 139 179
42 141 919
42 144 743
42 145 745
42 147 432
42 152 324
42 154 675
42 155 551
42 157 273
42 158 644
42 162 811
42 163 131
42 164 490
42 166 59
42 171 756
42 172 658
42 178 912
42 184 158
42 188 505
42 193 754
42 195 695
42 196 652
43 2 683
43 3 6
43 7 362
43 12 567
43 13 267
43 15 527
43 18 433
43 19 58
43 23 229
43 26 75
43 28 947
43 29 498
43 33 856
43 34 519
43 35 635
43 36 487
43 47 487
43 49 521
43 50 526
43 56 185
43 65 375
43 67 969
43 70 153
43 75 636
43 77 717
43 83 140
43 86 493
43 88 142
43 89 84
43 92 702
43 98 637
43 99 846
43 103 380
43 104 294
43 108 303
43 114 411
43 115 739
43 116 644
43 119 116
43 124 325
43 126 51
43 127 343
43 128 71
43 130 433
43 133 861
43 134 681
43 136 846
43 140 600
43 143 740
43 147 310
43 148 107
43 153 517
43 154 207
43 156 232
43 159 994
43 160 208
43 162 488
43 165 971
43 168 424
43 169 483
43 172 78
43 183 257
43 187 522
43 189 468
43 190 468
43 191 136
43 192 165
43 196 907
43 197 284
44 11 780
44 15 957
44 16 758
44 17 48
44 18 266
44 19 890
44 21 745
44 24 228
44 26 689
44 30 975
44 35 217
44 36 765
44 37 884
44 38 70
44 41 995
44 46 202
44 48 1
44 52 358
44 53 285
44 58 357
44 59 830
44 65 514
44 69 995
44 70 314
44 71 675
44 72 657
44 76 348
44 78 42
44 79 682
44 82 936
44 84 90
44 87 287
44 91 395
44 93 349
44 95 561
44 97 362
44 100 197
44 101 662
44 103 687
44 104 958
44 107 71
44 109 303
44 112 810
44 117 596
44 120 667
44 124 425
44 126 50
44 127 84
44 134 219
44 135 310
44 137 839
44 139 895
44 140 80
44 145 951
44 146 600
44 148 236
44 149 146
44 154 939
44 158 976
44 166 220
44 167 899
44 168 338
44 170 750
44 171 533
44 176 5
44 177 689
44 179 710
44 182 446
44 189 418
44 191 972
44 195 703
44 196 606
45 3 383
45 6 878
45 8 19
45 10 216
45 15 703
45 23 31
45 24 158
45 26 615
45 28 798
45 33 179
45 38 322
45 40 238
45 41 59
45 48 198
45 55 129
45 60 542
45 61 907
45 63 259
45 64 983
45 65 191
45 70 285
45 75 266
45 77 38
45 80 657
45 82 283
45 84 706
45 85 608
45 86 81
45 91 587
45 94 103
45 100 473
45 102 261
45 105 673
45 106 645
45 112 52
45 113 951
45 116 763
45 123 428
45 127 718
45 128 154
45 129 972
45 133 733
45 134 306
45 135 86
45 138 394
45 139 997
45 142 69
45 143 456
45 144 51
45 146 49
45 148 923
45 149 689
45 154 815
45 156 705
45 175 212
45 178 248
45 179 609
45 182 540
45 185 295
45 191 646
45 192 219
45 196 768
45 199 746
46 2 957
46 5 185
46 7 581
46 8 351
46 12 241
46 14 108
46 15 586
46 16 184
46 19 149
46 22 520
46 23 801
46 27 133
46 30 53
46 32 978
46 34 663
46 35 461
46 37 918
46 44 202
46 48 172
46 49 830
46 53 810
46 55 11
46 56 852
46 58 318
46 60 446
46 63 131
46 67 789
46 68 938
46 73 616
46 74 111
46 83 129
46 89 706
46 93 996
46 100 975
46 101 437
46 103 756
46 110 151
46 113 493
46 114 403
46 116 376
46 117 373
46 119 802
46 122 297
46 126 442
46 128 66
46 135 30
46 138 401
46 140 71
46 144 885
46 146 691
46 148 127
46 149 57
46 150 958
46 151 559
46 152 160
46 154 328
46 156 485
46 158 373
46 160 631
46 163 159
46 166 12
46 172 741
46 173 177
46 174 341
46 179 859
46 190 354
46 191 462
46 192 596
46 196 199
46 197 779
47 2 343
47 6 575
47 8 136
47 16 930
47 17 565
47 20 554
47 26 310
47 31 730
47 39 936
47 40 867
47 41 514
47 43 487
47 52 564
47 55 498
47 59 144
47 63 384
47 65 597
47 69 626
47 70 789
47 74 687
47 75 807
47 76 956
47 78 436
47 82 995
47 98 606
47 102 946
47 103 899
47 104 925
47 110 714
47 112 222
47 116 30
47 117 796
47 126 621
47 129 398
47 131 802
47 134 949
47 140 979
47 141 603
47 143 988
47 145 7
47 147 889
47 151 42
47 152 568
47 159 966
47 163 347
47 166 595
47 167 723
47 170 149
47 171 12
47 172 429
47 175 988
47 176 43
47 180 475
47 182 812
47 183 818
47 184 208
47 185 477
47 191 781
47 194 740
47 198 719
47 199 408
48 3 767
48 4 416
48 12 237
48 13 556
48 14 552
48 16 875
48 21 198
48 25 918
48 26 212
48 27 752
48 31 766
48 32 42
48 33 195
48 39 354
48 40 864
48 44 1
48 45 198
48 46 172
48 50 341
48 55 577
48 56 431
48 58 25
48 59 50
48 60 733
48 63 101
48 73 27
48 74 217
48 75 959
48 82 762
48 86 578
48 87 973
48 88 574
48 93 420
48 103 408
48 106 23
48 107 235
48 108 580
48 109 627
48 110 670
48 111 283
48 112 519
48 120 640
48 122 954
48 125 427
48 126 991
48 129 946
48 130 559
48 132 566
48 138 629
48 142 278
48 146 411
48 149 803
48 152 343
48 160 717
48 164 285
48 168 613
48 169 415
48 170 623
48 173 210
48 180 845
48 185 47
48 187 862
48 189 838
48 191 347
48 196 261
49 2 578
49 6 734
49 12 876
49 13 499
49 15 380
49 18 850
49 23 17
49 27 788
49 28 363
49 30 636
49 37 592
49 38 316
49 40 199
49 43 521
49 46 830
49 50 550
49 53 100
49 55 778
49 59 356
49 63 271
49 65 292
49 67 645
49 68 412
49 70 232
49 72 580
49 78 266
49 80 179
49 81 136
49 87 598
49 90 735
49 96 466
49 97 444
49 99 632
49 102 589
49 103 686
49 107 741
49 113 657
49 116 20
49 119 352
49 122 948
49 125 636
49 127 994
49 128 36
49 129 503
49 135 417
49 142 171
49 143 205
49 145 407
49 150 32
49 155 798
49 156 296
49 160 542
49 161 266
49 164 771
49 166 699
49 167 722
49 173 595
49 178 823
49 192 947
49 196 524
49 197 4
50 2 236
50 4 130
50 10 247
50 11 389
50 12 448
50 21 453
50 22 248
50 23 823
50 26 144
50 29 296
50 33 335
50 35 254
50 38 962
50 40 656
50 41 384
50 42 651
50 43 526
50 48 341
50 49 550
50 57 209
50 60 852
50 64 33
50 66 354
50 78 78
50 79 130
50 84 284
50 85 434
50 88 760
50 90 439
50 92 778
50 101 113
50 102 92
50 104 751
50 105 934
50 106 362
50 107 991
50 111 491
50 114 769
50 118 524
50 121 412
50 122 22
50 128 676
50 130 674
50 136 146
50 139 958
50 140 701
50 141 954
50 143 354
50 153 533
50 155 419
50 156 467
50 158 675
50 161 700
50 164 693
50 168 437
50 173 21
50 185 683
50 186 979
50 190 883
50 191 808
51 10 258
51 11 339
51 13 544
51 16 185
51 18 543
51 21 898
51 25 957
51 27 755
51 28 900
51 29 492
51 30 632
51 31 821
51 42 152
51 52 786
51 54 712
51 55 723
51 59 48
51 61 778
51 62 246
51 63 104
51 65 522
51 73 970
51 74 649
51 75 37
51 77 925
51 78 137
51 79 872
51 80 351
51 82 141
51 84 902
51 85 977
51 88 408
51 92 921
51 95 636
51 106 690
51 110 654
51 114 724
51 117 396
51 119 421
51 120 877
51 126 707
51 127 732
51 129 366
51 136 787
51 139 926
51 140 455
51 142 651
51 147 889
51 151 445
51 157 750
51 161 241
51 168 170
51 178 421
51 182 120
51 183 677
51 186 484
51 187 733
51 190 715
51 196 284
51 197 196
52 5 770
52 7 136
52 9 512
52 12 749
52 17 68
52 18 194
52 22 376
52 23 770
52 24 887
52 25 851
52 35 680
52 38 344
52 41 658
52 44 358
52 47 564
52 51 786
52 56 271
52 59 554
52 62 713
52 64 631
52 65 889
52 73 247
52 74 244
52 79 720
52 80 83
52 81 723
52 82 429
52 83 723
52 84 363
52 87 343
52 96 498
52 99 777
52 101 665
52 102 718
52 104 363
52 106 967
52 107 360
52 118 553
52 120 848
52 125 421
52 126 822
52 128 833
52 131 759
52 133 534
52 134 943
52 135 898
52 138 722
52 139 710
52 141 386
52 146 111
52 150 885
52 152 292
52 153 71
52 156 116
52 165 395
52 167 772
52 172 935
52 173 125
52 174 433
52 179 886
52 183 383
52 185 597
52 186 625
52 190 581
52 191 456
52 193 641
52 194 806
52 199 960
53 4 673
53 6 671
53 7 161
53 8 70
53 12 439
53 13 592
53 15 364
53 16 58
53 18 148
53 27 516
53 32 197
53 33 844
53 34 23
53 35 710
53 38 585
53 41 505
53 44 285
53 46 810
53 49 100
53 58 982
53 61 323
53 64 901
53 69 636
53 73 201
53 81 146
53 84 323
53 87 477
53 90 241
53 91 940
53 93 510
53 94 724
53 96 980
53 99 753
53 106 439
53 107 556
53 110 616
53 117 168
53 121 615
53 126 457
53 129 563
53 132 254
53 133 174
53 137 798
53 141 477
53 143 352
53 146 261
53 148 852
53 150 954
53 152 945
53 153 550
53 160 253
53 167 495
53 169 37
53 171 677
53 172 235
53 176 817
53 181 346
53 189 527
53 192 936
53 195 909
53 197 146
53 199 6
54 5 822
54 6 272
54 9 318
54 11 789
54 13 658
54 17 405
54 22 954
54 23 56
54 26 119
54 29 318
54 31 635
54 33 61
54 35 653
54 36 126
54 51 712
54 55 819
54 56 647
54 57 248
54 58 481
54 60 260
54 61 558
54 66 471
54 71 678
54 73 529
54 77 378
54 79 923
54 84 423
54 90 952
54 95 533
54 96 314
54 102 101
54 104 250
54 111 260
54 113 759
54 119 185
54 121 887
54 122 748
54 123 655
54 125 796
54 129 515
54 131 226
54 132 622
54 133 666
54 135 947
54 139 569
54 140 266
54 141 942
54 143 862
54 148 438
54 151 695
54 157 49
54 159 38
54 160 335
54 161 391
54 169 98
54 173 256
54 175 677
54 188 894
54 191 195
54 192 957
54 195 214
54 196 34
54 199 361
55 2 85
55 7 34
55 19 564
55 24 306
55 25 665
55 29 989
55 30 72
55 36 632
55 41 270
55 45 129
55 46 11
55 47 498
55 48 577
55 49 778
55 51 723
55 54 819
55 56 298
55 61 317
55 62 798
55 63 381
55 64 59
55 73 492
55 76 293
55 78 508
55 83 243
55 86 968
55 87 430
55 96 339
55 115 226
55 122 695
55 123 5
55 124 96
55 125 833
55 131 220
55 135 22
55 136 962
55 138 837
55 143 949
55 149 815
55 151 401
55 158 453
55 159 581
55 163 206
55 164 366
55 165 385
55 168 749
55 171 52
55 172 207
55 173 276
55 174 10
55 179 780
55 181 315
55 182 439
55 192 336
55 194 480
55 195 548
55 196 848
56 2 964
56 8 74
56 13 808
56 23 942
56 25 371
56 34 650
56 35 523
56 39 138
56 42 617
56 43 185
56 46 852
56 48 431
56 52 271
56 54 647
56 55 298
56 60 433
56 63 568
56 67 264
56 70 457
56 74 766
56 77 971
56 78 815
56 81 224
56 82 357
56 85 29
56 90 692
56 93 5
56 103 418
56 108 268
56 109 375
56 112 335
56 113 654
56 115 43
56 116 468
56 122 475
56 123 484
56 124 854
56 125 30
56 126 741
56 127 550
56 130 145
56 133 597
56 139 335
56 140 814
56 152 897
56 153 588
56 156 373
56 158 81
56 159 592
56 160 37
56 161 523
56 162 143
56 164 891
56 166 791
56 172 367
56 173 224
56 175 51
56 176 752
56 177 573
56 179 107
56 185 530
56 187 13
56 190 323
56 191 288
56 197 174
56 198 549
57 2 947
57 10 874
57 11 931
57 13 532
57 16 622
57 18 64
57 19 332
57 21 946
57 25 794
57 26 745
57 27 916
57 30 523
57 35 975
57 40 651
57 41 628
57 50 209
57 54 248
57 60 195
57 61 803
57 63 749
57 65 704
57 66 695
57 67 517
57 69 89
57 70 278
57 72 892
57 76 925
57 81 451
57 84 75
57 86 985
57 88 73
57 89 852
57 92 330
57 93 972
57 100 498
57 102 254
57 103 678
57 104 606
57 109 111
57 111 322
57 120 870
57 122 378
57 123 99
57 126 450
57 128 455
57 129 884
57 130 708
57 131 276
57 134 806
57 136 636
57 149 32
57 153 204
57 163 771
57 164 375
57 165 690
57 166 665
57 167 259
57 168 482
57 170 406
57 171 790
57 173 875
57 182 158
57 183 575
57 188 23
57 190 420
57 197 958
58 4 517
58 14 950
58 17 214
58 20 938
58 21 961
58 24 495
58 29 86
58 35 422
58 37 323
58 39 969
58 41 777
58 42 162
58 44 357
58 46 318
58 48 25
58 53 982
58 54 481
58 62 706
58 65 153
58 68 203
58 82 191
58 83 840
58 91 486
58 99 651
58 102 508
58 104 278
58 112 623
58 113 616
58 114 753
58 115 241
58 117 427
58 124 737
58 125 236
58 130 855
58 131 55
58 132 975
58 139 963
58 141 951
58 145 575
58 147 21
58 150 521
58 155 561
58 157 597
58 164 350
58 166 666
58 168 5
58 169 706
58 171 272
58 180 333
58 182 274
58 184 399
58 185 917
58 187 779
58 188 899
58 190 859
58 195 113
58 196 711
58 198 37
59 10 346
59 12 167
59 19 57
59 20 432
59 21 278
59 22 130
59 26 961
59 30 972
59 33 383
59 35 286
59 36 928
59 38 161
59 44 830
59 47 144
59 48 50
59 49 356
59 51 48
59 52 554
59 71 301
59 73 727
59 76 256
59 81 826
59 88 503
59 90 408
59 91 273
59 92 617
59 94 653
59 95 40
59 97 678
59 99 182
59 101 241
59 104 942
59 106 569
59 113 445
59 117 694
59 118 219
59 122 727
59 123 744
59 125 138
59 127 299
59 129 38
59 133 850
59 138 664
59 141 832
59 143 271
59 144 972
59 157 72
59 165 198
59 169 672
59 179 909
59 180 470
59 181 858
59 183 305
59 192 703
59 194 197
59 199 369
60 1 306
60 2 862
60 6 343
60 10 124
60 12 768
60 13 859
60 15 824
60 16 771
60 18 608
60 24 593
60 33 585
60 35 64
60 37 913
60 41 754
60 45 542
60 46 446
60 48 733
60 50 852
60 54 260
60 56 433
60 57 195
60 62 158
60 68 689
60 71 608
60 74 686
60 75 643
60 82 140
60 87 786
60 88 354
60 89 17
60 90 260
60 91 22
60 102 977
60 104 825
60 113 848
60 115 699
60 123 266
60 125 306
60 127 183
60 132 187
60 135 573
60 140 790
60 141 190
60 147 645
60 148 334
60 149 77
60 150 873
60 156 214
60 158 454
60 161 255
60 162 22
60 166 760
60 170 193
60 176 905
60 179 451
60 181 684
60 190 656
60 191 6
60 192 11
60 193 587
60 194 752
60 197 123
60 198 715
60 199 998
61 5 209
61 8 907
61 9 773
61 11 997
61 12 240
61 13 103
61 17 793
61 19 99
61 24 733
61 25 808
61 26 124
61 33 987
61 34 74
61 42 501
61 45 907
61 51 778
61 53 323
61 54 558
61 55 317
61 57 803
61 64 681
61 68 526
61 69 354
61 71 92
61 72 986
61 73 201
61 74 124
61 77 536
61 79 629
61 83 321
61 84 320
61 94 591
61 95 814
61 98 403
61 101 714
61 103 298
61 107 117
61 108 29
61 114 429
61 122 142
61 129 62
61 132 44
61 133 921
61 142 80
61 149 959
61 152 702
61 154 198
61 155 600
61 156 616
61 157 73
61 159 203
61 175 946
61 176 336
61 177 332
61 179 28
61 180 245
61 185 281
61 186 574
61 190 744
61 191 219
61 196 927
61 197 376
61 198 379
61 199 685
62 1 32
62 5 497
62 7 294
62 10 879
62 12 718
62 15 783
62 23 32
62 26 276
62 27 150
62 28 520
62 29 711
62 31 53
62 38 583
62 39 900
62 41 870
62 42 173
62 51 246
62 52 713
62 55 798
62 58 706
62 60 158
62 63 954
62 66 219
62 68 647
62 69 102
62 73 723
62 79 752
62 84 20
62 85 819
62 89 951
62 90 973
62 97 690
62 99 380
62 105 133
62 116 10
62 122 72
62 125 848
62 126 709
62 131 894
62 136 640
62 143 616
62 144 999
62 147 682
62 148 755
62 152 541
62 156 171
62 159 932
62 169 186
62 170 730
62 174 23
62 178 453
62 186 922
62 190 58
62 191 181
62 196 382
62 197 854
62 198 562
62 199 157
63 2 919
63 6 440
63 7 864
63 8 710
63 13 170
63 21 707
63 29 615
63 30 642
63 32 613
63 34 252
63 40 589
63 41 874
63 45 259
63 46 131
63 47 384
63 48 101
63 49 271
63 51 104
63 55 381
63 56 568
63 57 749
63 62 954
63 64 495
63 66 775
63 67 677
